90849
87007
85396
85284
85032
84918
84870
84813
84617
84531
84243
84222
84068
83964
83958
83887
83746
83616
83590
83517
83462
83392
83359
83336
83204
83196
83183
83162
83116
83084
83070
83019
83015
82989
82967
82904
82853
82848
82838
82822
82811
82706
82701
82629
82619
82606
82557
82553
82533
82502
82481
82464
82410
82397
82395
82386
82371
82314
82308
82306
82273
82272
82265
82263
82261
82252
82236
82232
82207
82169
82160
82153
82125
82083
82082
82073
82072
82058
82045
81985
81962
81932
81925
81924
81923
81894
81890
81890
81888
81880
81841
81816
81790
81764
81761
81747
81729
81707
81706
81703
81683
81680
81649
81606
81604
81592
81573
81550
81546
81540
81536
81511
81501
81474
81470
81464
81454
81433
81424
81424
81406
81405
81391
81350
81341
81312
81308
81289
81278
81265
81257
81241
81236
81224
81217
81198
81194
81184
81179
81176
81173
81163
81154
81129
81109
81108
81090
81073
81070
81070
81069
81057
81057
81039
81038
81036
81032
81025
80994
80964
80911
80900
80889
80878
80876
80868
80866
80865
80849
80836
80836
80831
80814
80811
80810
80801
80795
80764
80744
80713
80705
80698
80688
80679
80671
80646
80644
80637
80623
80602
80594
80572
80567
80544
80540
80528
80518
80515
80509
80503
80497
80484
80479
80471
80470
80463
80454
80453
80448
80420
80416
80405
80392
80388
80387
80386
80367
80360
80359
80345
80338
80310
80309
80293
80274
80270
80268
80266
80259
80242
80239
80238
80231
80228
80227
80221
80221
80188
80179
80172
80156
80146
80120
80112
80108
80108
80099
80096
80094
80093
80092
80088
80088
80083
80082
80074
80063
80057
80053
80037
80029
80023
80016
80012
80007
80005
80002
79988
79983
79982
79979
79978
79971
79968
79966
79958
79955
79946
79943
79940
79935
79931
79931
79925
79916
79914
79912
79906
79891
79874
79870
79862
79855
79854
79853
79846
79844
79822
79814
79809
79798
79783
79781
79764
79749
79736
79725
79721
79719
79718
79716
79715
79708
79696
79688
79686
79684
79683
79682
79679
79668
79661
79661
79654
79647
79646
79634
79611
79609
79604
79603
79594
79590
79579
79578
79575
79558
79555
79550
79548
79546
79542
79540
79535
79534
79529
79525
79521
79518
79508
79495
79495
79491
79487
79478
79475
79460
79448
79446
79441
79441
79439
79438
79437
79435
79433
79431
79422
79409
79407
79394
79393
79386
79385
79383
79368
79366
79365
79361
79356
79353
79345
79335
79326
79318
79314
79297
79292
79290
79285
79284
79284
79256
79243
79239
79238
79226
79217
79210
79207
79190
79179
79178
79162
79158
79156
79156
79153
79148
79145
79137
79136
79132
79130
79127
79125
79123
79122
79117
79114
79112
79112
79098
79091
79086
79068
79063
79059
79050
79038
79033
79028
79025
79019
79018
79015
79002
78989
78989
78985
78981
78974
78967
78962
78948
78948
78942
78941
78935
78935
78927
78924
78921
78911
78908
78905
78895
78883
78876
78873
78870
78867
78862
78861
78859
78853
78852
78850
78835
78834
78829
78822
78818
78813
78811
78809
78788
78780
78774
78769
78767
78767
78762
78747
78739
78737
78735
78731
78728
78725
78721
78714
78708
78701
78700
78699
78682
78681
78678
78674
78668
78667
78653
78642
78617
78589
78589
78587
78584
78568
78558
78551
78550
78546
78546
78543
78542
78540
78534
78527
78525
78525
78524
78516
78499
78493
78490
78488
78476
78468
78467
78465
78461
78453
78451
78448
78438
78428
78423
78419
78410
78406
78404
78394
78389
78388
78388
78386
78381
78376
78373
78372
78371
78365
78363
78357
78354
78353
78343
78335
78318
78303
78300
78295
78293
78289
78287
78273
78270
78261
78261
78251
78250
78240
78223
78214
78202
78193
78192
78190
78190
78182
78182
78176
78172
78169
78168
78157
78150
78146
78143
78140
78134
78122
78122
78112
78109
78105
78101
78098
78097
78087
78086
78085
78084
78079
78064
78057
78052
78052
78051
78037
78029
78028
78027
78023
78020
78018
78016
78012
78008
77997
77996
77989
77985
77983
77960
77960
77958
77958
77952
77951
77939
77939
77935
77934
77929
77919
77916
77914
77912
77911
77909
77908
77906
77903
77901
77893
77892
77886
77882
77880
77864
77862
77859
77859
77854
77847
77846
77841
77838
77834
77833
77827
77825
77819
77817
77814
77812
77808
77790
77789
77789
77775
77762
77761
77759
77756
77755
77748
77748
77740
77732
77717
77714
77710
77710
77709
77705
77699
77697
77684
77684
77682
77680
77674
77663
77660
77658
77652
77648
77645
77642
77636
77629
77627
77620
77616
77608
77600
77597
77594
77592
77586
77584
77581
77576
77571
77561
77559
77553
77553
77542
77528
77527
77511
77510
77498
77485
77484
77472
77468
77466
77465
77465
77460
77457
77453
77449
77448
77435
77435
77431
77430
77429
77426
77418
77412
77406
77402
77400
77391
77391
77383
77379
77374
77374
77373
77368
77346
77342
77341
77334
77332
77329
77329
77329
77329
77322
77322
77321
77318
77314
77310
77303
77302
77300
77291
77286
77280
77280
77277
77272
77261
77260
77249
77230
77228
77228
77216
77216
77190
77188
77187
77184
77184
77176
77174
77173
77170
77167
77163
77158
77148
77146
77141
77141
77134
77131
77117
77115
77111
77102
77095
77093
77076
77074
77065
77061
77057
77053
77052
77052
77046
77045
77043
77038
77035
77029
77013
77006
77004
77000
76996
76993
76992
76985
76978
76972
76970
76962
76961
76946
76944
76943
76942
76936
76919
76916
76911
76909
76903
76903
76886
76874
76868
76859
76851
76849
76846
76843
76828
76822
76821
76818
76814
76808
76803
76797
76790
76781
76779
76770
76766
76759
76755
76747
76746
76746
76745
76743
76737
76735
76723
76719
76718
76717
76716
76710
76710
76704
76704
76698
76696
76681
76668
76665
76661
76661
76660
76656
76654
76654
76628
76626
76625
76621
76613
76604
76602
76597
76596
76593
76579
76578
76573
76557
76556
76553
76550
76534
76529
76522
76517
76515
76508
76497
76494
76492
76491
76486
76484
76484
76469
76468
76459
76443
76435
76421
76420
76415
76410
76407
76397
76388
76388
76385
76380
76379
76377
76374
76370
76370
76364
76353
76337
76336
76330
76321
76321
76316
76316
76313
76311
76310
76309
76309
76295
76295
76287
76287
76282
76281
76278
76265
76259
76253
76252
76251
76246
76243
76241
76237
76228
76227
76223
76219
76216
76210
76208
76203
76201
76199
76196
76194
76189
76186
76185
76184
76170
76159
76159
76158
76157
76156
76147
76144
76114
76113
76113
76107
76094
76094
76092
76088
76078
76072
76060
76055
76052
76039
76032
76022
76021
76016
76015
76015
76013
75996
75995
75993
75991
75989
75980
75978
75970
75968
75966
75965
75961
75956
75956
75951
75950
75947
75943
75930
75924
75921
75915
75913
75909
75905
75904
75901
75898
75892
75890
75887
75880
75870
75866
75865
75863
75862
75860
75850
75846
75845
75840
75835
75827
75826
75824
75819
75811
75804
75799
75796
75796
75788
75773
75773
75772
75772
75770
75766
75747
75745
75744
75738
75735
75734
75733
75726
75716
75715
75715
75702
75700
75690
75684
75682
75672
75668
75650
75646
75645
75641
75639
75633
75630
75629
75629
75619
75619
75611
75610
75608
75596
75590
75584
75577
75576
75568
75566
75562
75561
75555
75554
75553
75549
75539
75538
75537
75531
75519
75517
75511
75509
75509
75505
75496
75493
75493
75485
75483
75478
75466
75451
75447
75446
75445
75443
75430
75430
75429
75423
75420
75419
75411
75407
75406
75406
75404
75400
75391
75388
75387
75386
75384
75378
75371
75370
75368
75363
75360
75359
75357
75353
75346
75344
75339
75333
75326
75323
75320
75311
75309
75307
75306
75305
75294
75293
75286
75284
75279
75278
75271
75268
75264
75262
75262
75260
75256
75253
75251
75242
75242
75240
75235
75232
75229
75222
75222
75216
75198
75198
75195
75195
75193
75189
75187
75177
75176
75170
75157
75153
75148
75145
75145
75142
75130
75130
75127
75124
75124
75122
75121
75120
75117
75113
75112
75108
75101
75101
75101
75086
75081
75074
75073
75067
75066
75064
75055
75052
75040
75030
75022
75021
75011
75011
75010
75006
75005
75002
75001
74989
74984
74980
74979
74978
74973
74969
74963
74959
74958
74955
74950
74949
74947
74939
74936
74931
74928
74923
74922
74920
74908
74907
74902
74899
74896
74895
74894
74890
74885
74871
74863
74858
74858
74858
74851
74837
74831
74818
74813
74812
74802
74799
74798
74798
74792
74789
74780
74774
74768
74762
74758
74758
74756
74754
74748
74735
74734
74733
74729
74727
74723
74720
74717
74712
74711
74701
74701
74700
74695
74677
74676
74672
74669
74669
74663
74652
74650
74644
74644
74644
74643
74643
74636
74634
74630
74630
74627
74620
74619
74615
74614
74607
74604
74587
74586
74585
74584
74581
74580
74577
74573
74558
74555
74555
74553
74544
74542
74538
74538
74537
74536
74535
74532
74530
74529
74529
74516
74485
74484
74484
74473
74469
74466
74465
74459
74453
74448
74443
74442
74439
74432
74432
74430
74419
74418
74417
74414
74411
74409
74407
74404
74401
74397
74396
74392
74387
74386
74384
74381
74379
74370
74367
74366
74358
74354
74351
74350
74346
74345
74327
74322
74322
74321
74317
74317
74316
74316
74308
74305
74296
74291
74283
74280
74279
74279
74277
74276
74273
74267
74258
74255
74247
74244
74241
74241
74239
74235
74226
74225
74223
74221
74209
74208
74200
74199
74199
74194
74194
74190
74186
74186
74183
74182
74181
74180
74179
74177
74174
74171
74169
74156
74152
74151
74144
74141
74133
74126
74125
74123
74120
74113
74111
74102
74099
74098
74096
74094
74090
74080
74080
74078
74078
74076
74073
74072
74072
74070
74069
74067
74062
74060
74060
74057
74055
74055
74050
74050
74033
74018
74004
73992
73992
73991
73982
73978
73974
73974
73973
73967
73967
73956
73955
73953
73947
73936
73935
73935
73932
73930
73930
73927
73925
73924
73923
73923
73922
73922
73913
73905
73905
73903
73900
73890
73889
73877
73876
73875
73864
73863
73861
73855
73851
73849
73842
73839
73837
73834
73833
73833
73825
73814
73806
73800
73800
73794
73791
73791
73783
73775
73767
73761
73755
73753
73749
73745
73743
73740
73739
73732
73727
73718
73716
73708
73705
73704
73693
73690
73682
73679
73678
73677
73670
73670
73665
73663
73662
73658
73652
73650
73649
73647
73645
73642
73637
73634
73632
73632
73630
73627
73627
73622
73620
73619
73617
73613
73609
73608
73607
73607
73604
73594
73587
73585
73585
73583
73577
73567
73546
73544
73531
73529
73521
73520
73519
73517
73509
73509
73505
73504
73497
73495
73495
73492
73491
73490
73487
73481
73480
73479
73475
73468
73466
73462
73461
73461
73457
73456
73453
73447
73446
73437
73432
73430
73430
73429
73428
73427
73409
73408
73406
73401
73397
73392
73385
73376
73370
73366
73361
73357
73356
73353
73349
73340
73331
73328
73323
73318
73315
73312
73307
73305
73303
73288
73286
73284
73278
73261
73247
73243
73242
73241
73238
73237
73232
73224
73221
73218
73210
73197
73193
73192
73186
73185
73180
73174
73172
73172
73171
73167
73165
73151
73151
73149
73144
73142
73139
73138
73131
73130
73130
73126
73124
73124
73117
73113
73112
73108
73104
73102
73100
73100
73090
73085
73085
73078
73073
73070
73067
73064
73062
73062
73061
73052
73048
73048
73038
73037
73034
73033
73030
73029
73026
73022
73017
73016
73012
73005
73004
73001
72995
72993
72990
72985
72971
72965
72962
72961
72961
72957
72952
72943
72939
72936
72925
72923
72911
72910
72907
72901
72897
72892
72891
72887
72880
72877
72870
72867
72866
72865
72862
72856
72854
72853
72847
72844
72841
72835
72833
72833
72827
72825
72824
72822
72818
72818
72811
72810
72804
72803
72802
72800
72798
72796
72793
72791
72789
72788
72785
72784
72782
72782
72780
72772
72770
72768
72762
72755
72748
72742
72737
72735
72731
72730
72729
72720
72719
72718
72718
72718
72711
72711
72709
72708
72707
72707
72703
72692
72691
72691
72686
72685
72675
72667
72654
72651
72650
72649
72644
72643
72643
72643
72640
72635
72625
72624
72621
72609
72597
72595
72589
72587
72585
72578
72573
72572
72570
72569
72569
72565
72558
72552
72550
72549
72548
72545
72540
72540
72535
72529
72525
72524
72521
72517
72512
72505
72504
72484
72474
72473
72465
72457
72456
72452
72450
72437
72431
72428
72427
72424
72419
72419
72418
72416
72413
72410
72407
72405
72404
72401
72400
72398
72397
72396
72395
72394
72392
72389
72388
72387
72384
72382
72372
72372
72369
72367
72365
72364
72363
72361
72358
72355
72351
72347
72347
72344
72332
72330
72330
72329
72321
72316
72311
72305
72305
72302
72302
72301
72299
72292
72291
72291
72290
72289
72289
72289
72285
72278
72272
72270
72263
72263
72261
72260
72256
72256
72247
72247
72245
72233
72228
72225
72224
72222
72221
72221
72219
72212
72204
72202
72202
72200
72198
72188
72186
72183
72180
72179
72178
72176
72175
72175
72165
72159
72159
72152
72148
72147
72146
72145
72144
72142
72138
72131
72130
72120
72113
72107
72097
72090
72088
72087
72087
72086
72085
72079
72066
72065
72059
72056
72055
72053
72050
72047
72044
72041
72038
72032
72027
72027
72022
72010
72003
71999
71998
71997
71996
71986
71973
71969
71966
71962
71955
71955
71955
71953
71951
71949
71947
71944
71944
71941
71937
71934
71927
71925
71924
71923
71917
71916
71911
71910
71907
71904
71900
71900
71900
71899
71894
71889
71888
71887
71885
71882
71881
71881
71881
71876
71876
71876
71875
71870
71859
71857
71855
71851
71851
71850
71849
71837
71836
71835
71830
71829
71827
71825
71824
71822
71817
71815
71803
71801
71799
71796
71788
71787
71784
71783
71768
71766
71766
71763
71757
71746
71745
71740
71732
71732
71731
71722
71720
71720
71718
71717
71717
71716
71715
71712
71709
71702
71702
71693
71689
71688
71682
71679
71675
71675
71671
71662
71660
71659
71655
71653
71643
71643
71641
71641
71641
71636
71635
71634
71631
71629
71627
71620
71609
71608
71606
71604
71602
71601
71590
71588
71588
71586
71582
71579
71578
71570
71563
71559
71556
71546
71544
71538
71535
71535
71532
71528
71528
71528
71525
71514
71511
71505
71494
71492
71485
71480
71476
71473
71472
71467
71462
71453
71449
71446
71446
71446
71445
71443
71443
71441
71438
71437
71436
71434
71430
71426
71424
71422
71422
71421
71418
71413
71413
71413
71412
71412
71411
71408
71407
71402
71399
71398
71395
71383
71380
71379
71377
71376
71375
71375
71370
71364
71364
71362
71359
71352
71349
71346
71345
71342
71341
71334
71331
71325
71324
71324
71310
71307
71302
71300
71298
71295
71292
71288
71286
71277
71277
71276
71272
71270
71269
71266
71266
71260
71257
71253
71243
71243
71242
71241
71239
71237
71236
71234
71234
71232
71231
71231
71230
71226
71225
71211
71209
71209
71208
71200
71198
71192
71191
71190
71187
71184
71184
71173
71162
71159
71152
71137
71131
71128
71128
71127
71113
71111
71110
71105
71100
71097
71097
71094
71090
71090
71088
71087
71085
71082
71077
71074
71071
71070
71068
71050
71049
71046
71043
71038
71023
71021
71020
71020
71017
71017
71013
71013
71008
71007
71005
71002
71001
70996
70995
70992
70991
70980
70979
70975
70974
70972
70970
70969
70965
70963
70963
70959
70959
70956
70952
70943
70941
70934
70933
70931
70930
70929
70926
70923
70922
70917
70908
70908
70907
70903
70895
70895
70892
70891
70890
70888
70887
70885
70872
70867
70861
70858
70857
70855
70850
70829
70819
70811
70806
70802
70802
70801
70800
70799
70796
70789
70786
70786
70782
70781
70780
70774
70773
70772
70766
70755
70748
70743
70742
70740
70739
70737
70735
70734
70733
70731
70728
70723
70720
70718
70713
70711
70706
70702
70701
70701
70698
70690
70688
70684
70683
70680
70679
70675
70670
70666
70663
70659
70657
70654
70647
70646
70644
70642
70639
70636
70635
70632
70632
70630
70628
70628
70628
70627
70626
70625
70622
70609
70598
70598
70593
70593
70591
70589
70584
70582
70582
70575
70573
70573
70568
70566
70566
70564
70560
70558
70557
70548
70545
70542
70541
70537
70527
70526
70525
70522
70521
70521
70519
70511
70511
70511
70510
70509
70500
70485
70483
70482
70482
70467
70461
70460
70453
70448
70446
70446
70442
70433
70429
70423
70421
70420
70415
70411
70410
70409
70405
70398
70396
70390
70387
70383
70382
70375
70373
70372
70368
70367
70360
70358
70356
70348
70344
70344
70342
70342
70342
70341
70340
70339
70336
70335
70332
70325
70325
70322
70310
70301
70294
70293
70290
70280
70274
70273
70273
70271
70263
70254
70254
70250
70247
70244
70244
70241
70232
70232
70230
70225
70213
70213
70212
70208
70200
70198
70197
70197
70197
70197
70194
70188
70186
70185
70184
70176
70176
70171
70171
70170
70169
70166
70166
70161
70152
70143
70143
70136
70133
70131
70130
70130
70124
70119
70119
70117
70111
70109
70104
70097
70092
70090
70083
70080
70080
70073
70072
70071
70069
70066
70056
70050
70045
70041
70040
70038
70037
70022
70021
70014
70011
70008
70008
70007
70005
70004
69998
69994
69983
69982
69982
69977
69976
69972
69971
69968
69956
69954
69952
69952
69951
69947
69947
69939
69933
69921
69916
69913
69909
69906
69902
69900
69893
69891
69885
69883
69883
69880
69878
69869
69867
69867
69866
69864
69864
69853
69847
69847
69845
69839
69833
69831
69830
69828
69823
69814
69813
69812
69801
69800
69790
69781
69773
69765
69762
69761
69752
69746
69745
69741
69741
69741
69738
69737
69729
69728
69726
69722
69720
69716
69715
69706
69705
69703
69699
69698
69697
69684
69681
69670
69669
69662
69661
69658
69658
69656
69651
69651
69649
69635
69626
69624
69618
69610
69610
69607
69598
69593
69586
69585
69575
69574
69573
69571
69567
69557
69553
69553
69544
69543
69540
69527
69525
69522
69516
69515
69515
69506
69505
69498
69493
69492
69487
69487
69485
69485
69482
69481
69479
69478
69476
69474
69471
69467
69467
69463
69459
69458
69456
69450
69447
69433
69431
69425
69424
69423
69422
69422
69418
69415
69412
69409
69408
69407
69405
69400
69396
69394
69390
69389
69389
69374
69369
69369
69369
69365
69364
69363
69361
69356
69356
69332
69330
69328
69326
69319
69316
69312
69310
69308
69299
69297
69285
69279
69277
69274
69272
69266
69264
69263
69249
69247
69246
69242
69238
69237
69235
69233
69217
69217
69205
69204
69203
69203
69199
69195
69191
69189
69187
69186
69186
69186
69181
69180
69178
69177
69174
69170
69166
69164
69161
69150
69147
69146
69143
69142
69140
69137
69130
69127
69127
69121
69118
69118
69115
69105
69103
69096
69092
69088
69088
69086
69082
69080
69071
69068
69066
69059
69055
69046
69045
69044
69042
69040
69039
69038
69033
69031
69031
69030
69027
69018
69017
69016
69012
68993
68990
68987
68987
68979
68978
68977
68972
68946
68938
68926
68926
68921
68916
68900
68891
68890
68881
68869
68869
68867
68866
68865
68859
68859
68858
68846
68843
68843
68839
68834
68830
68829
68827
68822
68819
68818
68816
68815
68809
68807
68806
68802
68797
68792
68789
68787
68786
68782
68782
68781
68779
68771
68766
68762
68749
68749
68745
68743
68742
68741
68740
68734
68732
68730
68729
68724
68722
68715
68715
68712
68710
68710
68709
68692
68692
68688
68686
68685
68684
68677
68676
68675
68670
68668
68666
68662
68657
68655
68653
68647
68647
68644
68643
68634
68631
68631
68624
68624
68620
68618
68615
68610
68597
68597
68581
68580
68568
68560
68559
68555
68554
68548
68541
68538
68531
68526
68525
68523
68519
68516
68515
68508
68505
68500
68500
68499
68496
68488
68487
68487
68487
68485
68485
68478
68475
68475
68473
68472
68470
68469
68467
68466
68465
68461
68455
68454
68447
68445
68443
68442
68441
68433
68433
68416
68409
68405
68404
68401
68398
68394
68381
68376
68367
68355
68354
68347
68345
68343
68337
68334
68334
68333
68326
68323
68318
68315
68313
68310
68304
68301
68294
68291
68291
68278
68271
68269
68265
68264
68262
68256
68253
68248
68247
68246
68244
68241
68241
68230
68228
68225
68223
68220
68219
68216
68213
68208
68205
68198
68192
68191
68190
68180
68180
68175
68171
68171
68166
68162
68147
68141
68138
68136
68134
68108
68100
68096
68091
68083
68078
68077
68076
68070
68065
68064
68062
68055
68048
68044
68038
68037
68035
68032
68029
68022
68020
68019
68014
68011
68010
68004
68002
68001
68000
67989
67989
67988
67987
67986
67985
67983
67973
67973
67965
67964
67963
67955
67951
67949
67947
67944
67938
67934
67934
67930
67929
67923
67922
67909
67908
67907
67906
67902
67898
67897
67894
67879
67865
67863
67859
67856
67855
67849
67840
67835
67831
67826
67823
67823
67821
67814
67812
67805
67797
67796
67792
67786
67783
67781
67778
67767
67754
67754
67752
67740
67739
67737
67726
67725
67721
67719
67714
67714
67712
67712
67710
67706
67705
67703
67695
67694
67691
67688
67688
67686
67679
67678
67671
67660
67657
67649
67648
67643
67641
67639
67639
67638
67636
67629
67622
67619
67616
67614
67613
67609
67609
67601
67597
67595
67583
67580
67577
67576
67574
67573
67568
67564
67561
67560
67556
67554
67543
67538
67536
67526
67524
67522
67516
67513
67507
67504
67504
67501
67500
67495
67493
67489
67487
67483
67475
67467
67461
67455
67441
67437
67434
67432
67427
67414
67410
67398
67397
67395
67393
67389
67376
67370
67369
67354
67346
67344
67341
67340
67336
67334
67319
67315
67311
67309
67309
67308
67305
67304
67301
67289
67288
67286
67285
67274
67273
67273
67268
67264
67261
67240
67236
67233
67202
67197
67197
67179
67177
67177
67176
67173
67172
67168
67168
67154
67152
67144
67143
67141
67140
67140
67129
67124
67116
67109
67108
67106
67102
67096
67087
67085
67078
67075
67074
67070
67069
67066
67064
67054
67054
67050
67040
67035
67035
67031
67028
67027
67020
67007
67006
67003
66999
66996
66995
66984
66979
66979
66976
66975
66970
66968
66968
66966
66959
66952
66949
66944
66938
66936
66936
66933
66932
66929
66927
66926
66919
66912
66905
66905
66899
66898
66897
66897
66896
66893
66892
66891
66888
66884
66883
66881
66874
66872
66866
66864
66859
66853
66852
66847
66846
66845
66845
66842
66836
66835
66834
66833
66833
66830
66828
66827
66823
66821
66818
66818
66813
66808
66799
66798
66797
66796
66793
66791
66786
66783
66780
66775
66773
66770
66766
66763
66762
66749
66737
66737
66735
66734
66724
66722
66721
66720
66720
66715
66710
66700
66684
66680
66674
66671
66669
66663
66663
66662
66656
66656
66649
66644
66644
66641
66630
66629
66627
66626
66621
66616
66614
66603
66597
66596
66595
66594
66589
66587
66580
66571
66565
66560
66559
66556
66555
66554
66553
66547
66544
66544
66538
66534
66522
66516
66514
66512
66509
66509
66508
66508
66507
66506
66502
66500
66500
66495
66494
66494
66475
66474
66473
66468
66465
66465
66461
66454
66453
66452
66450
66437
66431
66425
66420
66410
66408
66395
66390
66387
66385
66385
66383
66378
66375
66374
66369
66355
66353
66347
66347
66340
66335
66331
66331
66325
66324
66324
66324
66319
66313
66312
66311
66305
66290
66288
66286
66284
66279
66279
66278
66273
66271
66269
66263
66262
66256
66255
66254
66249
66247
66234
66219
66208
66206
66204
66204
66203
66198
66197
66195
66188
66188
66181
66176
66174
66174
66173
66170
66170
66167
66166
66166
66157
66155
66154
66153
66152
66147
66146
66144
66144
66138
66133
66132
66131
66128
66127
66119
66103
66102
66100
66099
66097
66095
66094
66092
66088
66087
66082
66081
66078
66067
66066
66062
66059
66050
66038
66033
66023
66020
66018
66015
66013
66011
66007
66001
66000
65999
65997
65996
65993
65976
65957
65952
65949
65945
65942
65929
65928
65915
65914
65911
65905
65904
65901
65898
65897
65894
65887
65887
65880
65872
65867
65862
65862
65856
65849
65849
65848
65845
65841
65840
65833
65829
65821
65818
65800
65800
65799
65798
65797
65793
65793
65788
65785
65782
65778
65777
65776
65768
65766
65763
65762
65761
65758
65749
65740
65737
65735
65734
65730
65727
65726
65725
65722
65701
65701
65699
65691
65682
65681
65678
65675
65674
65674
65672
65672
65668
65666
65659
65645
65638
65637
65618
65617
65612
65603
65601
65599
65593
65588
65588
65587
65584
65580
65577
65572
65571
65569
65553
65545
65542
65540
65540
65536
65532
65532
65522
65519
65518
65513
65497
65495
65495
65489
65486
65485
65484
65478
65477
65467
65461
65456
65438
65430
65427
65425
65419
65418
65400
65399
65398
65397
65394
65390
65388
65388
65386
65384
65380
65378
65371
65369
65368
65353
65353
65352
65350
65348
65345
65336
65331
65331
65326
65324
65317
65314
65308
65294
65292
65285
65277
65276
65275
65264
65263
65255
65254
65245
65235
65227
65223
65222
65215
65213
65205
65205
65200
65198
65197
65197
65194
65186
65172
65161
65159
65158
65154
65146
65145
65140
65130
65128
65125
65123
65120
65118
65118
65110
65109
65101
65090
65088
65088
65087
65074
65058
65057
65055
65045
65038
65038
65037
65029
65028
65028
65023
65020
65018
65002
65002
65001
64996
64992
64991
64991
64976
64962
64953
64945
64943
64940
64940
64939
64929
64925
64920
64912
64910
64906
64899
64891
64886
64885
64880
64878
64878
64874
64868
64866
64859
64852
64851
64841
64840
64835
64828
64827
64823
64817
64809
64807
64803
64800
64798
64797
64796
64794
64788
64783
64783
64780
64773
64755
64755
64751
64742
64736
64734
64729
64715
64712
64712
64706
64703
64701
64699
64699
64698
64692
64683
64678
64669
64667
64659
64648
64636
64632
64624
64607
64593
64593
64589
64587
64583
64581
64581
64545
64540
64521
64520
64516
64500
64499
64479
64464
64460
64455
64448
64444
64443
64442
64442
64425
64421
64417
64414
64412
64411
64409
64408
64407
64406
64402
64401
64401
64400
64390
64384
64375
64373
64361
64358
64351
64348
64343
64335
64334
64333
64333
64329
64328
64323
64314
64304
64302
64301
64289
64287
64262
64262
64246
64236
64235
64232
64231
64221
64217
64213
64211
64203
64199
64198
64197
64194
64185
64183
64174
64172
64168
64165
64164
64160
64156
64147
64146
64132
64131
64121
64113
64113
64108
64108
64098
64089
64083
64082
64070
64065
64060
64055
64054
64043
64041
64040
64039
64022
64015
64015
64013
64012
64007
64004
63988
63985
63974
63970
63968
63963
63963
63960
63955
63954
63953
63951
63951
63950
63949
63941
63941
63935
63933
63928
63926
63920
63915
63913
63900
63895
63882
63881
63876
63874
63873
63872
63870
63866
63862
63856
63845
63840
63836
63829
63826
63823
63821
63819
63795
63794
63792
63789
63781
63777
63775
63775
63765
63763
63762
63761
63761
63757
63745
63741
63740
63740
63738
63734
63721
63719
63714
63708
63706
63694
63682
63680
63678
63678
63669
63667
63651
63650
63645
63643
63631
63626
63622
63621
63621
63613
63611
63607
63599
63594
63594
63593
63592
63583
63582
63578
63577
63575
63566
63562
63555
63554
63553
63543
63539
63536
63530
63526
63526
63526
63523
63518
63517
63514
63512
63511
63502
63490
63482
63480
63479
63478
63471
63465
63462
63455
63454
63451
63442
63442
63439
63437
63433
63432
63430
63430
63421
63419
63410
63402
63400
63399
63397
63397
63390
63385
63381
63381
63363
63362
63357
63349
63348
63337
63332
63324
63324
63323
63315
63310
63308
63293
63291
63280
63279
63277
63264
63263
63260
63259
63254
63251
63248
63247
63246
63244
63243
63220
63220
63208
63205
63204
63203
63198
63188
63178
63177
63177
63157
63154
63153
63151
63151
63151
63147
63141
63134
63127
63127
63124
63112
63111
63096
63090
63090
63079
63078
63075
63068
63063
63060
63059
63055
63053
63051
63049
63045
63044
63036
63010
63007
63006
63006
63003
62997
62996
62994
62993
62993
62993
62992
62979
62961
62951
62950
62946
62943
62942
62940
62934
62929
62917
62916
62912
62911
62910
62890
62888
62881
62881
62878
62876
62873
62871
62857
62850
62846
62827
62822
62822
62821
62821
62815
62813
62811
62810
62800
62797
62795
62789
62788
62788
62786
62782
62776
62774
62765
62764
62763
62761
62761
62759
62758
62758
62755
62747
62739
62737
62734
62730
62728
62728
62719
62719
62717
62715
62715
62708
62705
62697
62695
62694
62690
62679
62678
62676
62675
62673
62666
62655
62651
62650
62650
62639
62637
62637
62631
62628
62626
62625
62620
62616
62613
62608
62605
62605
62604
62600
62600
62597
62595
62593
62593
62592
62585
62583
62574
62563
62559
62557
62557
62552
62551
62547
62546
62544
62541
62539
62536
62535
62534
62531
62528
62521
62513
62511
62508
62503
62491
62488
62485
62485
62470
62466
62454
62429
62428
62424
62423
62423
62423
62423
62417
62415
62401
62392
62387
62383
62377
62377
62365
62360
62358
62356
62353
62343
62338
62329
62318
62303
62299
62297
62294
62291
62288
62284
62279
62277
62276
62276
62275
62272
62263
62255
62249
62241
62237
62231
62224
62212
62172
62172
62170
62168
62165
62158
62155
62150
62144
62142
62133
62127
62123
62123
62107
62103
62101
62097
62097
62089
62084
62080
62079
62077
62073
62072
62068
62063
62058
62058
62057
62040
62029
62027
62024
62023
62017
62014
62013
62008
62001
61992
61981
61979
61977
61977
61976
61973
61944
61943
61941
61938
61937
61931
61930
61929
61926
61926
61925
61917
61914
61910
61907
61905
61898
61897
61882
61874
61871
61864
61858
61854
61853
61843
61842
61839
61834
61829
61826
61822
61818
61811
61808
61801
61801
61800
61799
61797
61792
61789
61789
61789
61778
61768
61766
61762
61762
61761
61755
61754
61750
61750
61749
61749
61736
61720
61716
61711
61711
61708
61702
61700
61698
61697
61693
61690
61678
61675
61664
61659
61650
61648
61645
61644
61642
61641
61629
61629
61629
61619
61615
61613
61609
61605
61604
61597
61595
61590
61590
61581
61556
61554
61553
61551
61547
61542
61525
61525
61521
61511
61508
61496
61493
61487
61481
61478
61477
61475
61472
61472
61469
61469
61467
61459
61446
61445
61444
61444
61442
61440
61436
61434
61427
61420
61417
61414
61408
61398
61398
61395
61392
61381
61375
61373
61373
61370
61365
61363
61360
61360
61354
61353
61352
61325
61322
61322
61318
61315
61313
61307
61304
61303
61301
61300
61296
61295
61287
61285
61276
61265
61258
61258
61258
61253
61251
61251
61250
61245
61244
61243
61235
61230
61223
61221
61218
61216
61214
61204
61196
61186
61181
61171
61170
61160
61155
61143
61142
61140
61137
61135
61128
61128
61123
61123
61120
61120
61118
61111
61108
61105
61091
61084
61081
61073
61071
61068
61067
61064
61063
61062
61051
61048
61046
61045
61045
61042
61042
61037
61036
61036
61034
61025
61018
61018
61017
61010
61006
60994
60993
60992
60989
60985
60979
60972
60967
60966
60961
60955
60948
60935
60933
60931
60923
60917
60914
60914
60906
60904
60903
60902
60902
60902
60889
60881
60875
60873
60864
60860
60859
60843
60840
60831
60830
60829
60822
60820
60818
60814
60805
60800
60800
60797
60795
60793
60792
60790
60790
60786
60780
60774
60769
60767
60764
60763
60758
60758
60758
60756
60756
60745
60742
60741
60739
60733
60732
60731
60726
60722
60703
60692
60688
60683
60682
60678
60676
60675
60672
60663
60662
60653
60632
60627
60623
60611
60609
60601
60597
60585
60585
60580
60577
60576
60573
60560
60559
60551
60549
60542
60539
60535
60523
60516
60513
60511
60508
60499
60497
60495
60495
60492
60491
60486
60483
60475
60475
60472
60470
60464
60449
60449
60447
60446
60446
60442
60442
60438
60421
60412
60407
60391
60391
60389
60385
60383
60380
60380
60379
60377
60377
60372
60370
60362
60358
60357
60354
60352
60347
60342
60338
60333
60331
60330
60328
60327
60323
60321
60318
60309
60302
60301
60300
60286
60286
60284
60284
60283
60275
60274
60264
60260
60258
60250
60242
60240
60235
60235
60233
60230
60223
60223
60216
60214
60210
60210
60194
60193
60191
60190
60188
60187
60187
60187
60185
60182
60181
60158
60156
60150
60145
60141
60140
60139
60137
60135
60133
60133
60123
60120
60117
60113
60110
60097
60092
60092
60084
60077
60077
60076
60070
60060
60058
60057
60057
60049
60045
60043
60040
60031
60031
60023
60010
60007
60004
60002
59991
59986
59986
59984
59981
59978
59967
59966
59960
59959
59956
59953
59951
59950
59950
59950
59945
59944
59944
59937
59936
59933
59931
59930
59925
59923
59923
59921
59920
59916
59911
59905
59903
59901
59895
59882
59879
59872
59852
59846
59846
59841
59836
59830
59829
59829
59828
59828
59827
59826
59823
59821
59816
59815
59804
59797
59795
59793
59789
59783
59779
59772
59772
59767
59760
59758
59754
59754
59751
59750
59745
59733
59731
59721
59716
59715
59711
59711
59710
59709
59706
59704
59698
59687
59683
59682
59671
59670
59662
59659
59657
59652
59639
59634
59624
59624
59611
59609
59607
59605
59605
59602
59600
59597
59595
59583
59582
59581
59581
59560
59554
59542
59541
59525
59518
59518
59514
59513
59505
59503
59494
59489
59479
59477
59477
59460
59458
59454
59453
59452
59451
59447
59437
59429
59427
59424
59423
59422
59417
59406
59394
59384
59382
59381
59372
59371
59370
59367
59363
59353
59351
59343
59336
59336
59324
59314
59309
59303
59295
59292
59291
59283
59283
59281
59278
59273
59271
59268
59254
59253
59252
59248
59238
59228
59227
59225
59222
59222
59220
59217
59213
59209
59208
59203
59200
59198
59194
59192
59192
59190
59179
59177
59176
59173
59163
59145
59137
59130
59126
59124
59122
59116
59104
59101
59094
59093
59085
59081
59078
59064
59063
59058
59053
59044
59042
59040
59039
59038
59034
59030
59027
59024
59022
59013
59003
58999
58981
58961
58957
58951
58934
58930
58930
58929
58924
58918
58916
58915
58901
58898
58898
58891
58889
58883
58876
58872
58864
58856
58839
58837
58836
58819
58818
58809
58808
58805
58798
58797
58784
58782
58781
58762
58757
58754
58750
58745
58743
58738
58729
58723
58720
58706
58705
58699
58685
58683
58678
58675
58674
58669
58669
58664
58662
58662
58659
58654
58654
58652
58651
58647
58645
58644
58630
58630
58625
58616
58613
58600
58599
58597
58592
58590
58580
58575
58560
58552
58544
58543
58535
58533
58531
58531
58527
58527
58522
58518
58509
58503
58499
58486
58483
58479
58467
58466
58461
58454
58453
58447
58446
58430
58423
58417
58413
58411
58405
58399
58399
58398
58397
58387
58372
58371
58364
58356
58354
58345
58344
58344
58341
58340
58340
58338
58334
58325
58322
58316
58312
58296
58292
58289
58288
58272
58271
58267
58266
58260
58257
58257
58249
58243
58241
58238
58236
58234
58227
58218
58217
58210
58198
58198
58182
58182
58180
58180
58177
58177
58175
58160
58159
58158
58156
58148
58143
58141
58138
58133
58130
58129
58128
58123
58122
58117
58117
58115
58114
58108
58106
58091
58074
58072
58070
58048
58045
58039
58033
58030
58020
58016
58013
58012
58010
58005
57990
57986
57985
57983
57973
57970
57969
57964
57952
57948
57930
57912
57910
57906
57891
57887
57879
57870
57865
57862
57854
57848
57841
57838
57831
57824
57821
57819
57814
57814
57811
57810
57809
57801
57798
57797
57794
57792
57792
57788
57779
57773
57772
57766
57762
57758
57739
57739
57736
57733
57732
57727
57719
57717
57709
57709
57706
57696
57689
57688
57684
57672
57667
57662
57646
57642
57640
57637
57634
57634
57634
57632
57630
57626
57624
57622
57612
57608
57607
57598
57593
57575
57563
57560
57559
57558
57557
57555
57548
57543
57535
57531
57530
57529
57529
57527
57527
57520
57520
57512
57510
57509
57509
57501
57500
57499
57498
57479
57476
57476
57469
57469
57457
57453
57449
57448
57441
57439
57439
57426
57423
57419
57419
57418
57417
57414
57409
57404
57402
57400
57383
57381
57374
57370
57369
57367
57362
57361
57352
57352
57351
57351
57338
57336
57335
57330
57330
57310
57306
57305
57305
57302
57300
57296
57290
57285
57284
57279
57277
57274
57265
57264
57259
57252
57250
57244
57242
57232
57230
57229
57214
57207
57205
57204
57189
57184
57166
57164
57161
57157
57153
57148
57138
57132
57128
57100
57099
57094
57091
57091
57076
57069
57068
57067
57065
57052
57049
57047
57045
57045
57038
57037
57036
57024
57019
57001
56999
56988
56982
56981
56975
56970
56967
56966
56961
56959
56944
56943
56941
56926
56924
56917
56916
56910
56908
56901
56900
56899
56899
56892
56891
56889
56879
56859
56858
56856
56855
56853
56851
56848
56847
56845
56835
56827
56820
56819
56812
56796
56795
56788
56780
56776
56770
56765
56765
56763
56760
56758
56757
56753
56746
56715
56712
56712
56709
56706
56694
56693
56687
56686
56683
56680
56670
56668
56660
56654
56652
56652
56650
56649
56648
56644
56639
56636
56635
56628
56628
56625
56617
56615
56614
56614
56610
56610
56609
56605
56602
56600
56598
56579
56574
56570
56570
56569
56567
56563
56563
56562
56562
56529
56524
56511
56505
56502
56500
56489
56488
56479
56475
56469
56467
56464
56447
56436
56430
56428
56421
56413
56409
56408
56400
56398
56393
56392
56391
56386
56384
56383
56382
56381
56379
56370
56368
56366
56363
56360
56351
56348
56341
56340
56331
56327
56318
56318
56315
56314
56311
56310
56310
56306
56304
56296
56295
56290
56273
56259
56255
56249
56246
56235
56231
56228
56222
56221
56218
56213
56213
56210
56199
56199
56192
56192
56189
56184
56173
56171
56166
56164
56161
56157
56153
56145
56135
56132
56131
56120
56107
56107
56106
56103
56099
56099
56094
56089
56083
56081
56074
56068
56066
56061
56057
56056
56048
56047
56045
56043
56037
56036
56035
56033
56029
56027
56026
56018
56018
56016
56012
56010
56001
55998
55996
55994
55984
55978
55976
55971
55971
55967
55964
55962
55960
55960
55960
55957
55955
55953
55946
55944
55939
55936
55931
55925
55925
55922
55917
55913
55909
55906
55905
55898
55894
55891
55881
55880
55879
55877
55876
55875
55870
55853
55853
55841
55840
55833
55829
55827
55820
55819
55819
55818
55811
55805
55805
55802
55800
55800
55798
55793
55786
55779
55776
55775
55774
55772
55759
55756
55754
55745
55743
55740
55738
55734
55732
55728
55726
55719
55717
55717
55716
55715
55710
55700
55695
55692
55692
55690
55690
55688
55682
55681
55675
55673
55659
55653
55652
55650
55644
55637
55623
55619
55615
55613
55608
55608
55608
55606
55604
55604
55602
55601
55598
55591
55590
55590
55587
55583
55581
55580
55574
55559
55554
55553
55552
55550
55546
55541
55538
55533
55530
55522
55522
55519
55516
55515
55510
55505
55505
55501
55501
55497
55494
55491
55489
55487
55477
55475
55472
55471
55469
55463
55463
55461
55448
55448
55445
55444
55444
55432
55432
55429
55428
55426
55424
55416
55402
55393
55392
55387
55382
55381
55372
55372
55361
55359
55357
55356
55350
55349
55346
55342
55340
55338
55337
55336
55317
55314
55310
55310
55297
55293
55293
55290
55289
55289
55283
55272
55266
55262
55256
55251
55250
55248
55248
55237
55234
55221
55221
55221
55215
55211
55210
55210
55210
55200
55190
55168
55161
55155
55148
55148
55147
55141
55141
55135
55129
55118
55115
55114
55110
55109
55103
55102
55101
55100
55088
55085
55082
55080
55071
55064
55058
55054
55049
55044
55037
55035
55017
55017
55016
55014
55013
55012
55007
55006
55004
55000
55000
54999
54997
54993
54992
54988
54984
54981
54980
54977
54969
54967
54956
54954
54946
54938
54936
54934
54933
54933
54927
54926
54923
54921
54915
54911
54903
54897
54886
54880
54879
54874
54872
54866
54865
54864
54861
54857
54856
54847
54843
54841
54834
54829
54824
54811
54811
54808
54805
54802
54799
54795
54793
54790
54788
54788
54786
54782
54779
54774
54773
54769
54751
54745
54744
54740
54739
54737
54733
54727
54720
54717
54714
54713
54706
54704
54691
54689
54688
54675
54671
54671
54671
54670
54668
54664
54659
54656
54654
54645
54643
54627
54625
54613
54612
54591
54590
54583
54581
54580
54580
54570
54554
54547
54546
54545
54542
54537
54537
54533
54530
54529
54518
54512
54510
54510
54504
54504
54503
54499
54494
54494
54484
54478
54456
54452
54452
54452
54451
54449
54448
54447
54446
54437
54423
54401
54399
54397
54387
54387
54384
54381
54381
54377
54376
54371
54369
54360
54359
54343
54339
54333
54331
54330
54329
54326
54321
54310
54308
54308
54304
54298
54297
54292
54283
54263
54260
54254
54253
54252
54246
54244
54243
54232
54219
54218
54207
54206
54206
54204
54197
54196
54194
54192
54191
54188
54185
54185
54183
54179
54171
54162
54161
54160
54158
54157
54157
54156
54151
54147
54146
54141
54141
54140
54136
54136
54136
54135
54132
54125
54122
54120
54120
54116
54115
54113
54113
54113
54111
54110
54103
54103
54095
54088
54082
54080
54078
54062
54060
54057
54054
54041
54026
54022
54008
54008
54007
54004
54000
53999
53993
53992
53991
53978
53975
53974
53973
53938
53938
53924
53922
53915
53914
53910
53905
53903
53900
53888
53886
53886
53879
53878
53877
53874
53874
53867
53865
53861
53859
53858
53849
53848
53833
53828
53820
53820
53818
53817
53810
53808
53796
53790
53787
53787
53787
53786
53784
53784
53782
53781
53775
53773
53772
53772
53769
53768
53756
53754
53751
53747
53741
53736
53718
53716
53699
53699
53696
53696
53693
53685
53673
53669
53664
53663
53661
53658
53654
53650
53649
53644
53643
53639
53637
53633
53630
53629
53627
53626
53626
53621
53619
53617
53615
53615
53611
53611
53607
53606
53604
53602
53601
53600
53598
53597
53594
53588
53571
53563
53562
53561
53545
53529
53521
53513
53512
53512
53510
53508
53507
53503
53499
53499
53496
53491
53483
53480
53476
53471
53471
53470
53467
53466
53461
53458
53452
53447
53441
53440
53439
53433
53428
53423
53417
53412
53410
53402
53399
53399
53395
53391
53388
53385
53385
53380
53374
53373
53371
53369
53365
53363
53360
53358
53356
53355
53353
53353
53349
53348
53341
53340
53335
53332
53331
53327
53326
53320
53308
53303
53294
53291
53290
53287
53284
53284
53280
53279
53269
53268
53267
53258
53241
53238
53237
53235
53235
53228
53226
53218
53217
53214
53214
53213
53210
53209
53204
53163
53159
53153
53152
53133
53128
53120
53117
53116
53115
53109
53108
53105
53102
53097
53092
53086
53082
53080
53076
53071
53071
53064
53062
53044
53038
53035
53034
53028
53027
53019
53016
53015
53009
53006
53004
53000
52991
52987
52983
52978
52976
52973
52972
52968
52966
52964
52962
52954
52950
52946
52945
52941
52939
52929
52927
52903
52899
52892
52887
52885
52883
52882
52875
52867
52866
52861
52854
52852
52849
52843
52840
52829
52828
52826
52820
52813
52803
52800
52797
52797
52792
52788
52785
52777
52774
52772
52772
52767
52746
52741
52739
52735
52730
52721
52713
52713
52708
52706
52696
52693
52691
52688
52688
52686
52681
52675
52672
52668
52667
52663
52659
52651
52647
52639
52627
52624
52613
52597
52597
52596
52596
52592
52591
52589
52572
52572
52569
52568
52562
52558
52554
52550
52550
52537
52526
52521
52519
52517
52511
52501
52499
52496
52495
52495
52494
52489
52488
52482
52473
52466
52464
52459
52450
52443
52439
52439
52437
52436
52430
52416
52407
52405
52405
52400
52394
52392
52358
52353
52349
52347
52346
52343
52331
52327
52325
52317
52290
52288
52286
52281
52281
52264
52263
52261
52247
52247
52239
52238
52238
52236
52233
52229
52224
52221
52217
52216
52214
52207
52206
52196
52193
52188
52186
52184
52174
52174
52169
52168
52166
52166
52163
52156
52156
52150
52150
52140
52139
52138
52136
52132
52131
52131
52130
52130
52118
52117
52116
52113
52110
52103
52102
52100
52098
52094
52092
52091
52091
52090
52085
52083
52072
52067
52066
52066
52063
52062
52057
52054
52052
52050
52047
52041
52038
52037
52033
52031
52030
52029
52013
52011
52008
52003
52000
52000
51987
51984
51974
51974
51969
51967
51967
51964
51964
51963
51957
51957
51955
51953
51952
51950
51950
51950
51943
51938
51938
51936
51921
51903
51901
51899
51892
51886
51876
51876
51876
51867
51865
51865
51856
51854
51853
51853
51850
51845
51841
51839
51839
51837
51825
51817
51816
51813
51813
51811
51807
51802
51799
51795
51791
51789
51789
51782
51779
51776
51762
51760
51759
51756
51749
51746
51745
51744
51743
51742
51740
51739
51739
51738
51737
51737
51733
51731
51728
51723
51718
51714
51713
51709
51701
51701
51692
51690
51689
51670
51669
51665
51663
51661
51652
51647
51639
51623
51623
51620
51616
51614
51610
51610
51599
51597
51579
51569
51565
51564
51561
51557
51556
51553
51548
51547
51546
51544
51543
51542
51538
51532
51531
51529
51527
51526
51519
51517
51516
51515
51514
51503
51494
51493
51492
51491
51488
51474
51473
51472
51463
51462
51448
51445
51440
51439
51437
51422
51419
51412
51410
51405
51404
51399
51398
51398
51384
51383
51378
51375
51372
51354
51352
51351
51342
51341
51341
51340
51336
51334
51334
51333
51332
51318
51316
51307
51306
51298
51297
51295
51294
51291
51289
51282
51280
51267
51263
51263
51262
51256
51256
51255
51249
51245
51229
51218
51213
51207
51206
51198
51188
51185
51176
51175
51175
51162
51159
51158
51157
51151
51151
51143
51142
51142
51141
51139
51139
51135
51133
51128
51118
51107
51105
51104
51101
51099
51095
51090
51090
51083
51081
51073
51072
51066
51065
51060
51060
51060
51054
51050
51047
51046
51043
51043
51041
51041
51030
51017
51016
51015
51015
51013
51010
51007
51001
51000
50999
50985
50964
50956
50950
50943
50942
50926
50919
50919
50911
50905
50904
50903
50900
50893
50890
50890
50887
50886
50883
50882
50877
50875
50861
50859
50856
50848
50845
50838
50838
50836
50831
50830
50829
50827
50823
50812
50808
50805
50790
50790
50789
50782
50779
50774
50774
50771
50761
50760
50755
50750
50747
50743
50740
50737
50729
50726
50722
50721
50713
50708
50693
50688
50682
50679
50670
50664
50657
50654
50650
50647
50641
50639
50636
50622
50621
50618
50610
50606
50600
50599
50591
50588
50577
50569
50565
50556
50547
50543
50541
50540
50537
50525
50522
50522
50520
50511
50507
50507
50505
50501
50489
50481
50481
50473
50471
50471
50468
50465
50465
50452
50451
50442
50440
50432
50431
50425
50423
50418
50414
50414
50410
50405
50391
50384
50381
50380
50376
50374
50370
50364
50355
50353
50345
50341
50336
50325
50317
50311
50310
50308
50293
50290
50290
50289
50286
50283
50274
50273
50266
50262
50261
50258
50257
50256
50253
50251
50248
50247
50247
50243
50239
50238
50227
50224
50224
50215
50212
50211
50208
50207
50204
50200
50200
50200
50196
50189
50186
50183
50180
50163
50160
50159
50158
50156
50153
50145
50141
50140
50120
50117
50114
50111
50106
50095
50090
50077
50076
50072
50071
50057
50052
50051
50041
50041
50031
50031
50020
50015
50009
50008
50000
49991
49990
49980
49971
49970
49963
49959
49952
49949
49943
49941
49940
49926
49923
49917
49900
49900
49894
49878
49876
49873
49871
49868
49859
49843
49841
49836
49835
49835
49823
49820
49818
49815
49807
49783
49781
49775
49770
49768
49768
49768
49764
49761
49761
49758
49754
49753
49744
49743
49740
49738
49705
49704
49703
49696
49691
49685
49685
49683
49668
49665
49665
49663
49661
49661
49650
49649
49644
49639
49638
49636
49636
49613
49607
49595
49593
49590
49590
49589
49587
49581
49580
49566
49562
49553
49547
49546
49544
49536
49535
49534
49533
49532
49529
49523
49518
49516
49515
49514
49514
49513
49510
49504
49502
49499
49498
49493
49479
49476
49466
49459
49458
49456
49456
49449
49448
49448
49443
49438
49437
49428
49424
49420
49413
49412
49405
49404
49396
49393
49393
49390
49386
49385
49382
49379
49378
49376
49375
49369
49361
49361
49359
49342
49334
49332
49321
49319
49315
49314
49313
49311
49311
49308
49306
49301
49299
49297
49291
49288
49285
49278
49269
49264
49260
49258
49255
49252
49251
49248
49246
49246
49243
49241
49238
49237
49234
49234
49226
49225
49222
49219
49216
49214
49214
49214
49214
49209
49209
49204
49197
49195
49190
49188
49187
49187
49180
49169
49166
49161
49160
49155
49127
49126
49121
49119
49115
49106
49099
49098
49088
49085
49082
49081
49081
49078
49075
49073
49072
49060
49058
49056
49055
49054
49054
49049
49036
49035
49033
49033
49028
49018
49012
49011
49006
49000
48994
48993
48991
48990
48984
48962
48961
48957
48952
48946
48943
48941
48937
48936
48935
48933
48932
48926
48908
48904
48903
48897
48881
48881
48878
48875
48874
48873
48873
48863
48861
48861
48860
48860
48854
48848
48846
48834
48831
48825
48820
48817
48814
48809
48809
48809
48805
48800
48789
48786
48785
48777
48776
48772
48768
48768
48762
48761
48758
48755
48748
48745
48745
48741
48740
48738
48720
48715
48711
48711
48707
48706
48704
48700
48697
48692
48690
48686
48676
48676
48675
48657
48656
48656
48655
48639
48636
48635
48634
48634
48625
48618
48612
48609
48607
48605
48597
48590
48577
48576
48560
48559
48556
48553
48551
48549
48540
48539
48538
48537
48519
48518
48517
48513
48501
48496
48488
48488
48485
48484
48481
48473
48472
48471
48468
48468
48467
48461
48461
48460
48459
48453
48452
48450
48447
48444
48443
48442
48442
48441
48436
48430
48427
48426
48421
48418
48418
48418
48416
48411
48411
48402
48402
48401
48400
48399
48397
48396
48395
48393
48393
48388
48380
48378
48370
48370
48364
48363
48357
48354
48354
48352
48332
48326
48324
48317
48317
48314
48311
48309
48307
48296
48294
48281
48278
48276
48273
48272
48270
48263
48260
48242
48238
48236
48234
48233
48232
48222
48221
48214
48213
48201
48190
48185
48179
48179
48178
48174
48169
48157
48157
48151
48151
48148
48147
48142
48133
48132
48129
48128
48125
48122
48122
48116
48114
48110
48106
48096
48096
48089
48085
48082
48076
48074
48073
48070
48069
48069
48064
48060
48052
48051
48044
48043
48042
48038
48033
48029
48027
48027
48025
48025
48020
48017
48012
48009
48003
48002
48002
48001
47982
47979
47965
47956
47948
47942
47938
47933
47932
47921
47914
47913
47913
47911
47908
47903
47901
47899
47897
47897
47896
47892
47885
47883
47883
47876
47867
47865
47861
47858
47851
47851
47851
47851
47848
47845
47841
47826
47823
47821
47817
47810
47806
47802
47802
47792
47785
47780
47777
47771
47765
47761
47756
47754
47751
47750
47727
47724
47717
47714
47713
47712
47706
47702
47687
47684
47681
47674
47671
47667
47667
47664
47656
47655
47654
47652
47647
47646
47644
47641
47630
47629
47629
47627
47625
47623
47623
47619
47608
47605
47599
47591
47590
47587
47586
47585
47583
47582
47576
47575
47570
47564
47558
47558
47551
47545
47541
47539
47539
47529
47527
47527
47525
47499
47498
47491
47486
47486
47483
47482
47477
47475
47460
47457
47454
47448
47438
47430
47423
47419
47413
47404
47403
47398
47395
47390
47382
47379
47372
47369
47367
47361
47353
47347
47344
47344
47341
47334
47326
47318
47308
47302
47300
47293
47293
47283
47268
47268
47257
47251
47247
47239
47235
47231
47229
47215
47215
47206
47205
47202
47199
47181
47168
47153
47142
47138
47130
47130
47129
47128
47120
47118
47114
47111
47095
47085
47084
47083
47081
47053
47051
47041
47040
47040
47036
47028
47027
47027
47024
47019
47018
47017
47010
47000
46996
46989
46989
46986
46983
46980
46974
46973
46969
46968
46967
46966
46963
46955
46953
46950
46950
46940
46938
46937
46936
46924
46919
46917
46915
46906
46894
46865
46859
46854
46852
46851
46830
46829
46829
46820
46812
46777
46773
46771
46767
46752
46751
46747
46742
46734
46733
46724
46698
46694
46693
46684
46681
46680
46678
46677
46672
46667
46655
46650
46643
46623
46609
46609
46609
46605
46601
46600
46594
46589
46573
46572
46572
46568
46567
46556
46530
46528
46526
46517
46516
46509
46497
46496
46486
46479
46478
46472
46472
46468
46462
46446
46437
46435
46432
46415
46413
46412
46395
46380
46377
46375
46361
46359
46355
46334
46322
46322
46305
46296
46292
46284
46273
46265
46265
46241
46241
46237
46231
46224
46214
46197
46184
46181
46173
46165
46146
46145
46145
46139
46130
46126
46120
46120
46108
46107
46106
46104
46099
46091
46069
46067
46061
46059
46048
46036
46035
46028
46026
46025
46004
46000
45984
45984
45981
45979
45977
45972
45957
45954
45954
45954
45953
45951
45948
45935
45934
45924
45923
45920
45905
45900
45899
45894
45889
45887
45883
45882
45880
45876
45875
45866
45864
45862
45862
45853
45853
45850
45841
45840
45836
45822
45821
45820
45813
45804
45803
45794
45792
45788
45752
45752
45748
45743
45739
45728
45724
45721
45712
45695
45677
45676
45670
45667
45664
45641
45640
45631
45630
45627
45622
45607
45591
45576
45565
45557
45556
45555
45552
45548
45547
45533
45523
45516
45502
45494
45492
45489
45476
45464
45463
45462
45461
45449
45435
45384
45377
45372
45365
45363
45361
45359
45356
45350
45348
45335
45324
45303
45276
45265
45264
45254
45252
45245
45233
45229
45218
45213
45207
45205
45190
45189
45160
45145
45139
45123
45113
45099
45098
45080
45076
45070
45051
45044
45035
45007
44998
44974
44972
44963
44939
44932
44915
44902
44897
44896
44895
44881
44858
44840
44830
44828
44820
44816
44814
44809
44809
44793
44791
44791
44771
44769
44764
44764
44763
44761
44752
44747
44742
44738
44734
44727
44725
44724
44706
44701
44699
44696
44688
44686
44685
44683
44674
44664
44661
44659
44654
44653
44636
44636
44635
44632
44624
44622
44595
44569
44553
44534
44517
44514
44509
44491
44489
44480
44469
44455
44442
44440
44437
44427
44416
44397
44396
44395
44395
44384
44383
44372
44353
44335
44334
44320
44319
44300
44276
44272
44269
44266
44264
44258
44255
44254
44247
44226
44220
44216
44208
44173
44169
44162
44158
44155
44146
44144
44128
44127
44124
44123
44110
44108
44105
44100
44092
44091
44086
44084
44055
44055
44051
44048
44042
44035
44034
44032
44031
44025
44023
44010
44010
43986
43985
43981
43980
43969
43947
43943
43932
43926
43920
43919
43901
43897
43891
43890
43873
43861
43851
43848
43798
43752
43737
43726
43726
43720
43714
43706
43703
43697
43694
43672
43632
43615
43600
43596
43583
43582
43526
43521
43521
43519
43518
43438
43436
43417
43416
43408
43395
43381
43377
43367
43352
43318
43287
43280
43277
43275
43263
43227
43204
43194
43179
43168
43161
43126
43121
43088
43083
43081
43078
43076
43030
43008
42971
42971
42943
42940
42937
42932
42919
42918
42915
42869
42869
42866
42865
42833
42817
42808
42798
42778
42777
42774
42768
42752
42749
42746
42718
42709
42676
42647
42631
42574
42567
42563
42548
42529
42527
42519
42509
42492
42490
42460
42411
42409
42392
42363
42362
42357
42351
42320
42307
42305
42288
42272
42247
42243
42227
42217
42210
42159
42138
42129
42105
42102
42084
42083
42073
42070
42054
42033
42030
41948
41831
41767
41765
41762
41748
41731
41730
41701
41684
41675
41668
41657
41617
41604
41552
41538
41531
41514
41511
41486
41473
41463
41456
41451
41440
41430
41413
41392
41380
41379
41355
41352
41317
41309
41291
41276
41254
41228
41223
41221
41210
41167
41146
41072
41026
41018
40966
40964
40955
40952
40951
40941
40924
40906
40904
40903
40863
40851
40842
40818
40808
40798
40733
40713
40693
40617
40615
40595
40545
40536
40531
40503
40503
40489
40478
40458
40455
40448
40429
40426
40399
40396
40388
40369
40367
40356
40327
40312
40276
40252
40248
40065
40060
40048
40044
40037
40001
39964
39956
39954
39877
39870
39817
39777
39768
39766
39763
39761
39736
39726
39723
39634
39632
39618
39573
39567
39565
39544
39541
39496
39478
39476
39446
39422
39414
39406
39404
39390
39362
39360
39350
39341
39265
39246
39217
39141
39140
39134
39128
39125
39015
38889
38865
38858
38739
38696
38676
38640
38635
38619
38594
38585
38507
38467
38370
38242
38183
38179
38167
38162
38143
38064
37977
37961
37873
37872
37872
37854
37697
37633
