54120
53828
49187
46829
45721
44055
40733
40713
41668
44300
47153
50591
51384
50465
50117
50153
53483
58652
59956
59053
56848
56379
57862
54218
50890
48962
47851
47293
48178
50543
55210
62715
67619
70161
72228
74200
74277
73437
72270
71837
73340
76486
74111
73613
69319
67031
66899
61842
58312
55829
54671
54260
54824
56221
60187
66859
70636
72394
73905
75359
75112
73967
72910
72413
74072
77600
76996
74473
70527
68191
67648
63220
59381
57038
55491
54992
55690
57184
61140
68020
71253
72856
74367
75590
75240
74358
73430
73062
74677
77553
77597
74978
70917
68686
68334
63895
60187
57630
56081
55606
56106
57810
61697
68355
72365
74125
75735
77318
76859
75915
74950
74789
75827
78172
77789
75189
70930
68802
68677
64361
60580
57797
56348
55754
55448
55913
57733
62758
66256
68291
70171
71740
71292
69356
67859
67516
69203
72748
72225
69971
66324
64827
65788
62424
59454
56982
55381
54191
53615
52499
50903
54110
58647
61979
64168
65701
65384
63933
62708
62993
65130
69369
69055
66410
62546
61073
62595
60077
56827
53772
51813
50900
49878
48222
45098
46412
49466
53751
57166
60675
59986
57593
56001
55432
58013
64323
66263
65394
62539
62299
64262
61081
58182
56318
55234
54782
55416
58685
64828
74733
77510
77341
77911
78551
78051
77761
76781
76216
77141
81464
80994
79038
75370
72640
71996
68147
65418
64089
63075
62063
62231
62827
69150
77061
79112
78465
79025
79611
79145
78653
77817
77280
77958
82160
81790
79491
75451
73090
72707
68692
65519
63621
62172
61363
61641
63954
69976
77732
79715
79136
79679
80172
79575
78835
78190
77892
79422
83359
82502
79686
75391
72936
72090
67467
64217
61926
60379
59624
60057
62089
68485
76374
78861
78438
79127
79870
79015
78516
77658
77190
77939
81573
81069
78859
74818
72389
71606
67143
63455
61629
60391
59634
60284
62343
68685
76604
79059
78921
79609
79683
78850
77277
75716
74871
76278
81241
80866
77699
72833
70734
71200
68310
65659
63643
62172
60449
59190
57530
55515
58729
62535
65672
67561
68398
67441
65314
63511
62996
64401
70701
71377
68786
64886
63478
65276
62788
60002
57622
56164
54811
53772
51744
48003
49288
53016
57370
60577
63251
61905
59489
57709
57024
58837
65894
68301
67268
64899
64545
66936
64408
62123
60663
59179
57990
58266
61797
69103
77627
79654
79475
79781
79914
79495
78985
78064
77216
77146
82263
82629
80156
76468
73662
73026
69030
65845
64156
62717
61789
61973
64246
70521
78701
80878
80836
81550
82464
81894
81308
80868
80644
80795
83887
83204
80637
76144
73577
72159
67432
63866
61799
60328
59966
61160
63845
70396
78052
79931
79708
80454
81511
80497
79958
79148
78546
78461
82045
82082
79386
75113
72711
71446
67102
63410
61750
60662
60188
60830
62911
69092
77029
78818
78261
78905
79688
78852
78388
77862
77249
77329
81540
81923
79529
74959
71962
71441
67154
62811
60914
59828
59122
59659
62133
68745
76779
79290
78870
79983
80849
79495
77759
76243
75368
76015
80179
79971
76745
72142
70007
70198
66152
62466
59683
58267
57426
57205
55775
54625
58754
62940
66062
67922
69204
67898
66013
64406
63530
64587
69651
70197
68404
65467
64211
64015
61170
57854
55314
53696
52537
52110
50336
46983
48590
51943
56331
60158
63349
62338
60077
58341
57608
58446
64301
67027
66312
63792
63397
66506
64146
61442
60210
59209
58045
58128
61315
69012
76723
78942
78774
79448
80083
79385
79132
78146
77230
76704
81841
83070
81036
77374
74615
74756
71266
68487
66952
64940
63310
63036
65145
71231
78558
79979
79433
80023
80387
79590
79114
78303
77576
77391
82557
83462
81729
77740
75307
75198
71395
68208
66100
64521
63390
63479
65397
71627
79361
81073
80865
81680
82273
81924
81176
80360
79535
79603
83336
83517
81070
77216
74581
74078
70037
67070
65020
63719
62815
62992
64878
70755
78250
80392
80420
80698
81606
81179
80416
79647
78780
77814
82058
83015
81198
77373
74949
74516
70992
68246
66494
65055
63593
63357
65123
70819
78318
79988
79854
80146
80671
79978
78381
76737
75734
75423
80266
81604
78822
74902
72644
73585
70702
68262
65862
63613
61604
60141
58453
55998
59367
63291
66644
68219
69235
67643
65674
63621
63090
63517
69573
71925
69540
65430
63856
66059
63881
61629
59126
57351
55590
54360
52216
48559
50186
53606
57598
60447
62795
61010
58234
56296
55497
56368
62625
67054
66516
64108
63514
65735
63523
61542
59760
58600
57964
58651
61605
68792
76710
78989
79018
79243
80002
79292
78728
77854
77134
76596
80310
82265
80293
76259
73670
72720
68442
65577
63526
62275
61444
62097
64197
70197
78087
79721
79521
80108
80572
79446
78883
77680
76704
75826
79906
82252
80188
76013
73428
72474
68473
65911
64183
62912
62377
62639
64669
70589
78214
79891
79558
79634
80238
79460
78589
77374
76330
75650
79725
82207
80053
76420
73923
73607
69543
66663
64880
63575
62557
62534
64712
70566
78028
79749
79548
80231
80814
80309
79736
78935
78182
77368
80876
82481
80836
76903
74443
74186
70232
67304
65159
63599
62583
62761
64703
70568
78101
79955
80221
80964
81039
80029
78587
77117
76094
75682
79383
80463
77916
74094
71900
72256
69143
65841
63280
61276
59916
59022
57285
55155
58454
62997
67028
69264
70124
68846
66833
64910
64409
64289
69018
70867
68670
64581
62876
65090
63051
60758
58012
56189
54988
54007
52233
48402
49738
53496
57798
60758
63381
62103
59652
58175
57252
57626
63055
67560
66594
63935
63397
65901
62666
60300
58543
57265
56686
57284
60585
68443
76223
78365
79033
79912
80889
80338
79855
79156
78251
77448
79579
82395
80088
76072
73842
73005
68643
65369
63439
62774
62013
62503
64701
71582
78829
81470
81890
82701
83590
82967
82533
81985
81032
80057
81962
82989
80082
75860
73172
72224
67493
63777
61469
60007
59779
60535
63259
69906
77163
79540
80227
81433
82308
81194
80764
79968
78962
77709
80688
83183
81173
77000
75011
74156
70008
66835
64678
63157
62679
63124
65353
71413
78037
79578
80120
81109
81888
81217
80810
79966
79226
77864
79935
82371
80005
75996
73617
73022
68653
65254
63246
61800
60948
61693
63928
69607
76388
78546
78981
79716
80470
79518
78016
76698
75511
74920
77958
79853
76992
72505
70584
70582
67106
63915
61398
59751
58805
58243
56780
55044
57986
62001
65945
67395
68655
67576
65572
63740
63053
62950
67007
70593
68485
64421
62881
64407
61711
58413
56035
54668
53699
52852
51133
47717
48854
52550
56819
59783
62491
60741
58156
56363
55608
55820
60989
66680
66198
63592
62593
65028
61716
58915
56959
56012
55681
56712
59986
67812
74969
77045
77608
78018
78873
77912
77303
76147
75193
73678
76613
81405
79345
75346
72569
71546
67289
63829
62107
60672
59950
60676
62782
69174
75865
77846
78098
78867
79846
78721
78363
77584
76484
75216
77717
81224
79335
74922
72146
71288
66671
62873
60370
59248
58951
59921
62485
68734
75738
78357
78681
79874
81406
81057
80811
79809
79130
78182
80268
82397
79719
75353
72363
71295
66133
61711
59044
57773
57772
59104
61659
68192
75052
77300
77453
78270
79550
78394
77790
76469
75360
74720
77167
80594
78550
74033
71100
69998
65223
61235
58531
57302
57351
58706
61295
67410
73922
76170
76311
77391
78176
77046
75747
74418
73242
72289
75117
78876
76370
71426
68891
68560
64335
60385
57559
56037
55875
55946
55000
53699
56970
61045
64648
66097
67504
66147
64012
62158
60966
60609
63988
68762
66587
62353
60486
61258
57792
54054
51352
50052
49683
49783
48834
45882
47111
50565
54449
57402
60004
58260
55429
53693
52686
52983
56975
63840
64098
61296
60442
62377
58141
54671
52166
51538
52013
53820
58091
66385
73690
76321
77004
77985
79487
78617
78373
77402
76660
75344
77052
80012
78192
73749
70802
70056
64852
61018
59101
57891
57952
59252
62142
68634
75148
77379
77906
78668
79764
78682
78020
77174
76717
75633
77616
81454
79437
75493
72180
70688
65777
61981
59437
58130
57948
58934
61762
68180
74958
77561
78084
79431
80602
79661
78989
78190
76943
75629
77329
80367
78725
74558
71836
70557
65645
62224
59895
58757
58522
59351
61556
67964
74099
76196
76759
77748
79162
78287
77648
76522
75222
73947
75363
79002
77553
73529
70644
70273
66102
62676
60829
59525
59192
59704
61839
67202
72911
75101
75956
76985
77983
77053
75799
74701
73397
72387
74050
78376
76970
72635
69823
69498
65725
62557
60235
58483
57529
56988
55475
53820
56166
60632
64232
66023
67397
65682
63626
61858
61105
60860
63678
68433
66996
63006
61360
62761
60070
57338
54802
53399
52221
51419
49876
46601
47341
51620
55717
58901
62073
60475
57423
55310
54331
54057
56649
63502
64329
61864
61373
63876
61108
58876
57164
55994
55372
55917
58296
63134
68055
71412
73126
74630
75430
74585
73048
71716
70405
69364
71097
76210
75619
72152
69738
69553
65532
62678
60756
59447
58745
59213
61475
66378
71446
74417
75862
77176
78354
77435
76241
75030
73806
72549
74354
78428
77342
73466
71422
70720
66538
63151
60902
59228
59093
59879
62255
67714
72401
75108
76157
77571
78967
78168
77682
76821
75819
73973
74587
79112
78834
75404
72891
72452
68538
65477
63465
62057
61120
61353
63007
68618
73197
75913
76421
77465
78493
77762
77148
76517
75553
73791
74392
78927
79086
75040
72388
71881
68136
64996
62551
61048
60283
60342
62592
67973
72961
75411
76397
77834
78568
77449
75804
74484
73185
71911
73073
77115
76497
71830
69046
69369
65730
62600
60139
58417
57838
57306
55931
54197
56628
61251
64773
66335
67577
66475
64636
63127
62272
61650
63244
67938
68070
64334
62155
63536
61250
58503
55955
54078
52976
52286
50721
47892
48777
52675
56602
59220
62511
60881
58430
56505
55471
55085
57296
63926
65532
62943
61675
63949
60732
58070
55881
54874
54689
55546
59253
66827
72289
75576
76194
77412
78525
78157
77594
76602
75700
73875
74241
78261
78700
74194
71476
70723
66020
62942
60446
59094
58836
59793
62249
68032
72796
75386
75796
76743
77909
77158
76529
75339
74123
72456
72965
77431
78169
73800
71528
70872
66715
63913
61992
60763
60327
61036
63442
68816
73583
76022
76661
78027
79063
78767
78448
77989
77173
75519
76107
80007
79409
75264
72465
71682
66828
62600
59816
58180
57612
58238
60805
67078
72316
75055
75611
76654
77847
76961
76491
75596
74896
73392
74180
77466
77674
73286
70136
69142
64442
60731
58114
56639
56889
58217
60722
66797
71941
74663
74928
76295
77074
76287
74636
73104
72186
70979
72131
75989
75788
71226
68715
68467
64401
61046
58599
56765
55967
55619
54714
52987
55853
60967
64692
66927
67973
66500
64706
63337
62593
61834
63526
67495
68000
64165
62544
64131
61590
58930
56447
54745
53480
52820
51143
47168
48311
52238
55906
58762
61708
60123
57509
55552
54570
54120
55891
62294
65497
63277
62415
64885
62097
59905
57879
56859
56153
56961
60358
66509
71702
74604
75101
75956
77184
76310
75866
74923
73745
72329
72392
76435
78714
74430
71559
70922
66720
64221
62123
60774
60338
60820
63442
68326
73033
75262
75568
76556
77302
76156
75892
74712
73385
71835
72291
76016
78524
74695
71784
70646
66589
63454
61128
59698
59384
60097
62797
68248
73100
75672
75773
76626
77934
77102
76621
75584
74762
73490
74055
77418
78935
74448
71788
70442
65797
62392
59960
58625
58467
59271
61720
67616
72880
75863
76253
77184
78343
77714
77095
76227
75260
73739
74208
77111
78335
74141
71241
70573
65800
62821
60372
59225
59034
59581
61826
67236
72419
75378
75905
76665
77705
76944
75229
73924
72961
71876
72372
75493
76237
71408
68807
68620
64878
61373
59027
57414
56563
56192
55058
53035
56018
60516
63968
65205
65840
64203
61930
60187
59353
58580
60084
63757
66011
62170
60010
61155
58325
55538
52991
51776
50911
50471
48961
44963
46851
50886
54381
56941
59292
57264
54401
52247
51010
50859
53391
58957
63323
60979
59959
61487
57634
54554
52400
51749
52347
54082
58048
64198
70133
73331
73974
75022
76370
75668
74813
73521
72066
70410
70247
73520
77013
72330
69186
67526
62277
58669
56393
55049
55290
56683
59797
65294
71325
74322
74858
75824
76993
75904
75177
74090
72923
71334
71783
74529
76710
72398
69088
67649
62513
58659
56318
55382
55237
56654
59795
65540
71732
73991
74321
75294
76377
75890
75124
74144
72907
71243
71375
73876
76746
72957
70117
68559
63220
59477
57230
56511
56360
57640
60389
65255
70796
72993
73232
74182
75388
74317
73630
72649
71324
69487
69765
72396
76199
72540
69237
67657
62765
59605
57560
56304
56469
57520
60057
64742
70344
73102
73740
74780
75947
74890
73356
71907
70670
69525
69982
72711
74555
69800
66249
65390
60933
56295
53428
51802
51255
51740
51546
50200
54183
59124
62531
64287
65601
63745
61408
59295
58411
57367
58929
62454
64520
60523
57841
58016
53848
49458
46605
46605
45557
45576
45894
44108
44155
47687
52450
56310
59429
58645
56094
53915
52290
51054
51282
54103
57153
60223
58630
59227
54981
50273
47308
45954
46296
48846
53611
63096
69086
72355
73100
74584
76039
74644
73978
72540
71162
68692
68466
69369
70244
70780
67985
65038
59911
55510
52739
51845
52072
53643
57510
65353
71341
74241
74643
75965
77485
76251
75187
74072
72344
70409
69697
69571
70433
71131
67796
64797
59758
54897
52281
51569
52047
53773
57439
65513
71173
74069
74669
75566
77498
76459
75715
74209
73030
71021
69869
69459
70130
70887
67856
65118
59826
55716
53163
51952
52466
54132
57531
65489
71192
74199
74955
76654
78086
77141
76696
75242
73932
72247
71383
71023
71870
71966
68779
66284
60357
55644
52663
51175
51789
53385
57417
64991
71243
74469
74894
75930
77131
75951
74327
72367
70963
69332
68865
68666
68858
69575
66912
64835
60133
55340
52166
50239
50071
50831
51065
51256
53602
58177
61690
63178
63974
62279
60492
58533
57469
56916
57520
58106
58891
59772
57646
57157
53371
48952
45804
44480
44025
44791
44761
43227
44416
48234
51701
54847
58122
57242
55148
52792
51743
51206
52562
54451
56570
59336
58466
58198
53888
49894
47413
46734
47361
49166
54146
63324
69493
72565
73546
75153
76822
76228
75577
74442
73406
71586
71050
70923
70963
71570
68597
65438
60113
55487
52972
52031
52706
54206
58020
65275
70781
73677
73935
75073
76388
75170
74553
73461
72088
69952
69474
69044
69651
70956
68523
65957
60383
55800
53439
52224
52708
54329
58133
65331
71137
73800
74404
75796
77260
75993
75387
74073
72718
70855
70342
70071
70200
70974
68454
66431
61360
57558
55221
54188
54503
55984
59078
65915
70907
73167
73487
74113
75323
74644
73658
72247
70991
69585
69266
69181
69059
70789
68631
66255
61064
56847
54192
53128
53373
54969
58552
65386
70545
73144
73318
73855
74439
72835
71208
69121
67319
66157
66173
65997
66206
67179
65118
63332
59198
54980
52394
50647
50414
51422
51779
51557
54185
58039
61042
62423
63263
61938
59951
58074
57076
56382
56757
57290
57479
58316
56908
56047
52526
48517
45365
43861
43726
44220
44397
42778
44169
48169
52317
55637
58961
57887
55553
53291
52057
51372
52193
53922
54790
57001
56853
57543
53874
50072
47576
46917
47525
49544
53786
61123
67660
71899
73085
74734
76281
75429
74466
73070
71579
69845
69205
69242
69170
69661
67855
65427
60499
56475
54113
53467
53769
55337
58271
63872
69423
72990
73833
75198
76321
74799
73732
72407
70995
69297
68676
68668
68881
69274
67177
65110
59639
55350
52883
52008
52130
53611
56709
62857
68866
72897
74279
75978
77093
75639
74538
73361
71720
70011
69553
69191
69039
69407
67826
65740
60623
56668
53810
52829
53204
54727
57557
62994
68445
72301
73693
75256
76903
75845
74723
73627
72667
70802
69939
69761
69164
68100
65215
62810
58072
54304
51340
49980
49219
49514
48761
46820
48537
52052
55652
58531
61525
60831
58180
56061
54253
53105
53716
54547
54829
55743
55922
56066
52346
48027
45984
45051
45007
45752
45923
44701
47302
51731
54911
56027
56900
55957
54179
52978
52496
52130
53241
54103
54504
54751
53696
53152
49459
45229
42054
40356
39446
39954
40369
38739
40396
44809
48540
51297
54156
52229
48984
47251
45972
44897
45547
47956
49054
51060
51713
51728
48400
44272
41276
39777
39565
40503
41072
39567
40693
44266
47821
50442
53214
52117
49815
47627
47118
46919
48110
49836
50606
52437
53374
54004
50522
46767
44469
44334
44830
47036
51398
58398
64783
68890
70706
72261
73877
72651
71955
70680
69716
68011
67455
67461
66970
66737
65778
63111
57457
52867
50380
49533
49963
51950
55587
61051
66884
70390
71184
72010
73237
72079
71046
69715
68455
66842
66495
66722
66596
66893
65942
63147
57232
52966
50522
49476
49768
51623
55841
61221
66793
69947
70537
71803
73186
72032
70975
69586
68001
66437
66127
66325
66081
66834
65785
62552
56625
52214
49590
48411
48656
50431
54359
60470
66565
69954
70731
71671
72742
71300
69146
67108
65484
64174
64160
64231
63555
63951
63264
60301
55210
51095
48128
46517
45899
46435
47608
48513
52239
56851
59945
61427
62715
60859
58117
55818
54903
53974
54691
55338
55516
55909
55650
54263
50208
46224
43081
41731
41552
42159
42307
40615
42563
46478
50227
52945
55682
54151
50856
48786
47457
47257
48549
50838
51760
53754
55006
54452
49971
46643
44553
44146
44686
46906
51987
60235
66813
70446
71094
72159
73663
72369
71601
70066
68554
66450
65799
65829
65317
65542
65580
61214
55100
51151
48768
47475
47674
49498
53790
61749
68091
71082
71232
72183
73303
72285
71418
70197
68926
67308
66892
66547
66279
66170
64906
60790
54788
50283
47667
46468
46693
48324
53115
61216
68064
71556
72292
73670
75222
73864
72865
71398
70005
68354
68313
68416
67601
67124
65678
61478
55190
50621
48157
47138
47231
49056
53353
61436
68675
71827
72643
73791
75262
73480
73288
71885
70773
69217
68993
68859
68269
67233
65734
62077
56636
51762
49085
47724
48133
50163
54310
61937
68487
71888
72302
73193
74283
72643
70657
69066
67427
66313
66474
66375
65668
64698
63836
61118
56213
52131
48873
47247
47367
48082
48395
48556
52168
56753
59931
61648
62719
60931
58340
56314
55494
54921
55964
56652
56605
55853
56184
55221
51610
47053
44258
43078
42865
43204
42749
40966
42647
46395
49990
52489
55591
53859
50829
48676
47369
46773
48070
49991
50341
50537
51964
51745
48278
44688
42217
40851
40545
40952
40798
39015
40458
44042
47283
49438
51256
50015
47942
46107
45361
45099
46894
49514
50943
52066
53226
52459
47903
44092
41684
40964
41317
43518
49237
59427
66821
70119
70628
71722
73061
72351
71675
70593
69147
67346
66374
66181
65588
64940
65326
61801
55925
51060
48605
47454
47539
49243
53108
61036
67671
70683
70858
71910
73078
71949
71085
69706
68318
66465
66082
65905
65388
65292
64868
61068
55289
51017
48461
46967
46509
48020
52102
60800
67568
70509
70420
71375
72995
72179
71430
70232
68978
67543
67334
66883
65849
64943
65154
61459
55283
51229
48762
47619
47486
48745
52439
60362
67261
70080
70485
71643
72985
71927
70511
68740
67475
66131
65331
64807
63594
61907
62040
59324
54613
50682
47644
45953
45218
45548
45935
47379
52169
56648
59363
60286
60873
59030
56391
54232
53258
52482
53102
53626
53513
52693
53673
52416
47897
44208
41463
39964
39134
39246
39140
39217
41948
45924
48711
50654
53267
51746
49260
46924
46035
45905
47771
50009
50726
51351
53423
52624
48148
44595
42833
42138
42272
43985
48064
57706
65761
69450
70109
71359
73149
72147
71445
70387
69118
67583
67087
66905
66001
64794
64113
59821
53629
49386
47128
45984
45977
47539
51473
60120
67574
70735
71277
72504
74183
73064
72437
71234
69866
68647
68241
67897
66853
65235
64516
60793
54740
50481
48213
47019
47215
48897
52150
60682
68004
71421
71655
72962
74586
73012
71763
70212
69118
67564
67074
66656
65833
64082
64390
60917
54244
50364
47913
46684
46667
48122
51503
59981
66929
69781
70448
71709
72853
71881
71090
69726
68516
67003
66508
66331
65603
64113
63970
60181
54478
50414
48060
46940
46963
48296
51306
59872
66949
70322
70642
71641
72768
71505
69670
68019
66494
65388
65348
64953
63607
61477
61467
58705
53217
49412
46655
45265
44636
44724
45189
47395
51670
56341
59314
61301
62303
60421
57831
55608
54060
53235
54283
55012
54769
53290
53284
51825
47684
44158
41538
40388
39726
39634
39422
39496
42305
46413
49589
52140
55080
53499
50636
48426
46859
46479
48051
50076
50708
50722
52688
52741
48185
44895
42971
42227
42718
44489
48809
57794
65637
69166
69839
71380
72833
72041
71270
69885
68867
67096
66724
66630
65887
64060
63471
59595
53588
49376
47181
46061
46237
47623
51118
60193
67831
71462
72428
73753
75384
73851
72943
71900
70541
69105
68715
68014
66836
65109
64164
60230
54252
50481
48238
47024
47206
48388
51616
60076
67695
70639
71424
72719
74308
72841
71986
70626
69130
67393
66905
66347
65399
63667
63308
60135
54115
49841
47646
46609
46361
47498
50882
59657
67783
71535
72578
74798
76316
75142
73953
72595
71266
69487
68548
67863
66852
64358
63248
60191
54160
50106
47792
46181
46380
47865
51532
59827
66944
70500
71438
73131
74386
73475
72038
70609
68806
67703
67501
66763
65691
63068
62029
59709
54805
51159
48496
46733
46067
46146
46069
47982
52263
56926
60573
62616
64373
63006
60739
58387
57469
56776
57575
57727
56770
55148
54656
54384
51531
47114
43969
42070
41413
41765
41223
41380
43672
47575
50956
54113
57049
55962
53410
50827
49058
48430
49685
51334
51663
51445
52721
53878
49607
45954
43932
43168
43263
45205
49036
58675
66669
70885
72222
73903
75733
74317
73370
72405
70895
69308
69115
68647
67823
65205
64041
60840
54993
51141
48776
47656
47826
49033
52407
60683
68487
73004
73328
74614
76114
74931
73767
72200
71097
69177
68657
67835
66087
63826
62800
60792
54967
50639
48332
47527
47750
49214
51865
59950
67064
69813
70166
71636
73509
72597
71693
70411
68979
67513
66898
65793
64976
63063
61698
59452
54330
50114
47460
46036
44939
44276
42527
41228
43848
47629
50505
53399
56246
55289
53027
51341
50196
49696
50599
51816
51739
51175
51701
51953
48151
44696
42392
41514
41657
42919
45123
50861
57099
61392
63480
65088
66926
66347
64425
62993
61882
61181
61554
61755
60758
58289
57501
55673
51139
47202
44427
43121
42567
42915
43280
45359
49535
54008
57498
59600
61006
59611
57381
55266
54371
53861
54984
55601
55102
53034
52569
51599
47491
44100
41392
40048
39544
39761
39817
40489
43632
48190
51839
55272
58356
57069
54659
52495
51105
50740
51950
53658
53775
52929
53365
54518
50247
46126
44216
43436
43596
45363
49098
58218
65904
70014
71528
73456
75306
74544
73775
72321
71209
69186
68441
67987
66846
64328
62759
60653
54866
50875
48427
47527
48076
49523
52174
59978
67311
71514
72457
74459
76282
74895
74098
72788
71494
69330
68869
68712
67173
64400
63622
61874
56056
51543
49169
48450
48933
50391
53159
60745
67929
71859
72675
74223
75549
74221
73401
72585
71127
68977
68859
68472
67197
64659
63789
61736
56218
51957
49499
48639
48936
50051
52554
60140
67686
71370
72256
73517
74758
73647
72802
71485
70367
68526
68213
67840
66595
63794
63044
61792
56192
51738
49160
48038
48444
49704
52138
59830
66968
70335
70800
71746
73048
71768
69947
68230
66614
65308
65285
64800
63432
60733
59923
59721
54956
50823
47802
45948
45462
45552
45264
46241
50145
54799
57696
59477
60756
59039
56635
54446
53521
52639
53637
54339
53910
52150
51494
51564
47591
43873
40818
39478
38865
38889
37977
37697
40037
43926
47215
50189
53133
51692
48697
46472
45449
45080
45853
47085
47404
46937
47419
49291
45739
42033
39341
38167
38162
38370
37872
37872
39763
43519
47239
49941
53006
52098
49665
47641
46528
46184
47448
49225
49871
49534
49775
51733
48074
44335
42083
41291
41762
43600
47390
55996
64199
68488
69867
71675
73622
72305
71237
69902
68615
66799
66560
66092
65368
62737
61365
60508
54643
50308
47933
46751
47205
48488
51267
58808
66311
69481
69830
71307
72762
71412
70908
69574
68381
66674
66324
65793
64859
62263
61204
60495
54542
50256
47938
46678
46681
48106
51047
59278
66553
69458
70171
71190
72770
71525
70632
69567
68409
66775
66208
65800
65045
62822
61762
60904
55135
50679
48704
47841
47901
48848
51579
59671
66554
70254
70564
71620
72703
71588
69703
67983
66454
65588
65057
63363
61253
59417
58354
58160
54157
49959
47344
45724
45245
44932
44840
47558
52011
56569
59581
61091
62023
60023
57244
55000
54162
53356
53938
53938
53320
51789
51000
51514
48122
44319
41456
40327
39404
38858
38183
39125
42073
45864
48875
51043
53279
51791
49516
47932
47095
46650
48481
50471
51041
50985
51298
53358
49359
45555
43521
42631
42509
43697
47268
57512
65675
69762
70521
72003
73743
72755
72097
71017
70166
68505
67879
67285
66094
63482
61789
60780
55463
50737
48357
47051
46950
47586
50468
59513
67066
70511
71257
72824
74370
73067
72263
71346
70185
68555
68180
67754
66324
64302
62604
61609
56392
52083
49529
48236
47883
48461
51030
59706
66995
70786
71590
73037
74538
73278
72780
71473
70263
68843
68225
67434
65880
62237
59687
58662
55469
51341
48612
47027
46265
45676
44764
47018
50926
53627
55717
57762
59745
59024
57330
56099
55168
54811
55833
56615
56057
55004
54448
54437
50141
46742
44264
43277
42918
43737
46486
54158
61135
65197
66796
67849
69178
68241
66616
65037
63985
63243
63177
62878
61511
58916
57274
56351
52349
48634
46106
44659
43986
43890
43920
46437
50693
55054
57985
59920
61042
59336
56706
54926
54194
53417
53867
54000
53332
51529
50425
51073
47713
44124
41604
40065
39141
38619
37633
38640
41486
45207
48452
50688
53080
51955
49818
48096
47382
47483
49190
51139
51689
51565
51841
53447
49761
46334
44255
43416
43582
44534
47751
57821
66288
70558
71641
73718
75509
73890
73982
72867
72087
70625
69833
68827
67273
64699
62608
61063
55262
51378
49000
48052
48002
48861
51813
60495
67688
71068
71851
73312
75195
74432
73837
72971
71399
69033
68216
68108
67286
64817
62850
61354
55819
52000
49740
48418
48488
49285
52186
60902
68205
71679
72587
74120
75443
74102
73247
72138
71128
69698
68987
68347
67354
64945
62747
61370
56413
51886
49311
47979
47780
48468
51375
60250
67614
71239
71875
73447
74907
74247
73284
72372
71635
69814
68972
68022
66355
63738
61615
60412
55141
51472
49033
47654
47529
48418
51001
59303
66571
70143
70908
72047
73171
71944
69956
68367
66984
65897
65599
64755
63112
60323
58743
58177
53644
49685
47130
45627
44809
44440
44035
47403
52029
56488
59458
61017
61944
59936
57453
55489
54737
54135
53510
52954
53235
51399
50520
51291
48553
44998
42243
40863
39956
39406
38467
39766
42774
46104
49258
51669
54080
52903
50641
49214
48634
48860
50808
52596
53466
53348
53213
53877
50473
46677
44828
43703
43179
44173
48002
58143
66509
71013
72410
73936
75646
74555
73682
72548
71260
69741
68900
67951
66507
63763
61897
60597
55732
51336
48943
47655
47430
48263
51015
59710
67369
70698
71480
72818
74729
73632
72737
71717
70774
69217
68722
67714
66556
63862
61811
60214
54927
50838
48363
47229
46966
47911
50887
59372
66597
70241
71111
72825
74194
72785
71934
70675
69492
67988
67398
66933
65726
62888
61084
59901
54834
50883
48370
47334
47081
47883
50600
59194
66522
70250
71242
72650
74181
72925
72085
71020
69994
68782
68304
67629
66254
63362
61445
60182
55297
51046
48453
47040
46974
47754
50452
58864
66502
70254
70952
72175
73180
71712
69467
67638
66286
64583
62890
61352
59423
58924
57779
57634
53649
49663
46938
45640
44814
44396
43891
46936
51782
55793
58399
59953
60797
58999
56614
54670
53849
53440
54026
53879
52927
52050
50771
51162
48129
44105
41511
40276
39360
38635
37961
39476
42030
45476
48179
50266
52572
51083
49011
47353
46777
46852
48326
50180
50848
50317
50540
52647
49382
45840
43706
42676
42752
43901
47372
57229
65194
69390
70461
71717
73495
72418
71882
70965
69847
68508
67536
66786
65856
63324
61472
60800
55522
51462
49301
48009
48085
48805
51289
59582
66818
70446
71563
72892
74573
73608
72847
71796
70598
69249
68732
68037
66234
61644
58509
58334
56327
53369
50410
48861
48380
49251
51652
59711
67144
71071
71973
73585
75400
74169
73323
72347
71090
69720
69316
68766
67597
65277
63315
61664
56712
52597
50405
49255
49018
49547
52184
60354
67414
71001
71881
73117
74669
73462
72624
71787
71352
70131
69909
69080
67712
65245
63293
61553
56524
52735
50224
48800
48817
49636
52092
60464
67792
71629
72810
74453
75772
74078
72204
70663
69515
68244
68029
67129
65461
62079
60377
59208
54997
51383
48707
47084
46292
45954
45841
48748
53280
57499
60627
62288
63254
61265
58674
56760
55472
54720
54915
55035
54207
52118
50890
51142
48937
45252
42351
41026
40248
39736
38676
39723
42492
45836
48878
51405
54204
52494
50577
49060
48443
48309
49754
51737
52331
51198
50877
52174
49970
46516
44664
43714
43615
44661
47914
57476
65593
69658
70728
72431
74280
73130
72424
71411
70092
68433
68076
67305
66155
63430
61853
61111
55876
51614
49390
47706
47582
48459
51128
59518
67040
70733
71904
73504
75130
73900
72866
71937
71002
69199
68644
67930
66662
63795
62423
61067
55690
51817
49161
48029
47861
48831
51474
59754
66766
70415
71362
72524
74276
73124
72609
71662
70748
69463
68782
67725
66369
63682
61768
60903
56103
52343
49943
48472
48270
49424
51969
60043
66626
70119
71008
72569
74070
73108
72212
71544
70628
69482
68938
68345
67140
64015
62024
60923
56048
52238
50247
48904
48686
49385
51963
59767
66808
70344
71088
72419
73627
72198
70186
68662
67504
66559
66204
65400
63577
60233
58236
57555
53308
49665
46968
45384
44816
44383
44084
46724
51043
55200
57732
59238
60150
58292
55800
53787
53120
52550
53153
53331
52521
50657
49753
50836
47590
44110
41767
40060
39414
39128
38507
39632
42409
45516
48114
50031
51856
50750
48560
47142
46432
46375
47777
49668
50238
50077
50812
52430
48825
45712
43694
42519
42971
44055
46996
55898
63553
67489
68749
70566
72055
71070
70342
69263
68525
67075
66938
66452
65125
62401
61223
60045
54864
50376
48364
47199
46950
47714
50204
58322
65378
68684
69722
71379
72877
71851
70959
70038
68916
67949
67710
67168
65776
62871
61440
60407
55215
51213
48820
47347
47083
47965
50507
58372
65553
69082
70654
72145
73705
72400
71434
70194
69016
67894
67737
67288
66132
63631
62613
61469
55759
51903
49661
48421
48089
48690
51107
58898
65681
69363
70888
72535
74235
72800
71855
71049
69705
68710
68475
67487
66103
63821
62728
61045
55653
52041
49900
48551
48294
49078
51759
58856
66154
69412
70575
72364
73679
72263
70339
69031
67797
66888
66845
66188
64803
61414
59823
59173
54977
51542
48873
46980
46241
46197
45880
48609
52854
56856
59494
61071
62017
59944
57824
56016
55357
55118
55719
55710
54938
52511
52163
51936
48635
45630
43194
41748
41018
40808
40367
41254
43417
46680
49566
51066
53028
52094
50258
49075
48745
48676
49661
51016
51547
51090
52085
53284
49590
46771
44725
43897
43947
45233
48755
56967
64499
68499
70072
71817
73637
72521
71822
70627
69506
68078
67609
66966
65749
63045
62080
60483
55811
51876
49369
48260
48012
48991
51807
59192
66176
69544
70542
71799
72798
71953
71128
70208
69361
68220
68044
67340
66167
63678
62821
61244
55925
52247
49744
48577
48317
49342
51899
59422
66305
69400
70711
72625
73834
72573
71745
70679
69624
68198
67786
67315
66138
63953
63208
61243
56563
52882
50286
48809
48442
49126
51974
59163
65701
68724
69968
71413
72901
71631
70929
69972
69186
68162
67740
66891
65722
63775
63204
60875
55879
52696
50525
49332
49012
49900
52800
59605
65928
69189
70230
71815
72784
71467
69656
68038
66780
66153
66170
65324
63714
60955
59750
57912
53594
50511
48132
46567
45957
46120
46415
48276
52054
55728
58669
60275
61420
59716
57383
55426
54452
53905
54196
54219
53363
51665
51709
51176
47585
44972
42709
41355
40595
40312
39768
39870
42105
45254
47948
50440
52746
51597
49781
48411
47921
47851
48946
50423
51185
51015
52139
52261
48809
45821
43752
42866
42937
44162
47558
55336
62846
66936
68333
70213
71732
70892
70040
68781
67641
66269
65638
64796
63433
60993
60242
57870
52875
49028
46865
45743
45492
46472
49580
56835
63920
67613
69027
70519
72384
71184
70294
68926
67705
66319
65569
65172
63669
61398
60284
57500
52188
48700
46609
45591
45356
46526
49638
56687
63151
66897
68461
69864
71825
70467
69040
67524
66331
65002
64667
64039
62541
60190
59733
57037
52003
48399
46004
45035
44974
45788
49209
56033
62730
66627
67902
69878
71641
70274
68990
67712
66663
65200
64925
64384
62979
60542
59602
56609
51316
47756
45670
44395
44320
45435
48863
55210
61977
66204
67726
69409
70933
69374
67140
65425
64065
63421
63399
62705
61142
58720
57374
54779
50353
46989
44771
43318
42746
42777
43408
45622
49448
53335
56562
58272
59711
58241
55827
53991
53303
52591
53326
53718
52788
51157
50782
49587
45900
42940
40842
39541
38585
38179
38242
38696
40955
44685
47851
50556
53355
51984
49823
48393
47486
47564
48741
50140
50465
50310
51090
50779
46969
43981
41730
41210
40941
42102
45850
54022
61313
65949
67636
69422
71538
70273
69180
67989
66749
65198
64798
64314
62734
60380
59944
56944
51334
47867
45862
44699
44653
45667
49119
55939
62547
66508
67556
69505
71829
70591
69161
67934
66534
64788
64589
64055
62650
60576
60318
56644
51263
47599
45556
44727
44734
45876
49197
56310
62916
66512
67483
69137
71187
69900
68843
67437
66144
64348
64213
64070
62755
61251
60274
56694
51519
48044
45792
44622
44455
45489
48711
56074
63060
67006
68294
69893
71998
70786
69598
68002
66798
64939
65161
64992
63741
61754
60438
56680
51412
47845
45677
44624
44372
45377
48993
56213
62910
66959
68271
69864
71198
69952
67754
65818
64699
63582
63539
63049
61381
59343
58750
55805
51099
47671
45145
43526
42943
42932
44010
45862
49743
53992
57404
59371
60585
58889
56107
54376
53471
52840
53433
53621
52899
51553
51544
49770
45695
42529
40001
38594
37854
37873
38143
38064
40478
44247
47545
50325
53385
52037
49768
47908
47000
46986
48232
49764
50374
50588
51867
50381
46091
43008
41221
40455
40429
41701
45875
53787
60611
64823
66290
68278
70170
69238
68334
66737
65672
64235
64443
64262
63762
62014
60286
56384
51332
47806
45728
44738
44752
45324
48471
54879
60818
64236
65993
67805
69741
68405
66823
65782
64132
62673
62521
62508
60992
59933
59754
56340
50893
47398
45303
43980
43943
44896
48789
56249
62764
66762
67923
69557
71535
70666
69277
67865
66770
65197
64736
64351
63680
62365
61678
57809
52066
48436
45853
44674
44442
45461
49252
56796
63526
67141
68401
69891
71900
70526
69195
67778
66684
65398
65146
64851
63819
62763
62168
58159
53064
49188
46955
45794
45463
46173
50293
57969
64540
68228
69752
71349
72844
71007
68580
66353
64891
63900
63960
63437
61761
60137
59882
56567
51854
48607
46025
44635
43720
43377
44254
45934
49691
54157
57352
59003
59950
58148
55541
53796
52964
52668
53562
54243
53471
53000
52672
50622
46812
44010
41617
40252
39390
39265
39362
39350
41831
46026
48990
51737
54706
53503
51104
49297
48518
48675
50215
52063
52785
53441
53993
52131
48201
45139
43030
42357
42460
44031
48772
57662
64414
68541
70152
72027
73922
72397
71578
70271
69031
67341
66580
66279
65522
64874
63141
58781
53237
49636
47318
46059
46214
47300
51318
59217
65545
69424
71043
72862
74366
72804
71688
70293
68946
67240
67389
66641
65798
65263
63578
59406
53903
50253
47896
46623
46359
47630
51690
59291
65571
69068
69658
71074
72729
71345
70368
69203
68077
66128
65848
65350
64607
64809
63348
58898
53458
49703
47423
46265
46108
47017
50743
58678
65088
68323
69418
71302
73243
72053
71211
69982
69096
67934
67639
67573
66395
65495
63462
59064
53349
49917
47712
46231
46139
47477
51527
59479
66088
69933
71225
72686
74279
72473
70372
68394
66979
66174
65952
65485
64479
64004
61434
57634
52941
49378
46854
45350
44654
44858
45866
47897
51661
56029
59038
60914
61977
60110
57527
55519
54537
53978
54843
55580
55129
55310
53619
51207
47570
44051
41675
40426
39618
39573
39877
40044
42129
45981
49515
52659
55598
54387
51865
50418
49248
48957
50311
51967
52797
54452
53874
52405
48272
45160
43367
42817
43083
44742
49278
58738
66050
69746
71331
73408
75478
73955
73038
71857
70573
68789
68531
68624
67908
66847
63721
58535
53097
49820
47802
46572
46594
48096
52325
60391
67152
70684
71850
73567
75010
73261
72176
71038
69610
68253
67694
67309
66818
66896
63941
59200
53756
50041
47664
46609
47028
48416
52713
60994
67580
70926
72027
73794
75645
74258
73192
72113
70970
69478
68797
68624
68291
68376
65227
60864
55432
51556
49546
48147
47858
49049
53109
61521
67622
70483
71017
72202
73594
72221
71298
69977
68815
66830
66773
66621
66734
67376
64333
59789
54136
48538
49006
47785
47667
48935
52803
61551
67719
70857
71407
72299
73315
71876
70083
68171
67264
66099
65766
65336
64929
65371
62387
58930
53900
50111
47293
45664
44683
44764
46120
48441
52103
56235
59309
61025
61941
60240
57607
55604
54590
54111
55141
55905
56366
57361
55037
52613
48468
45076
42574
40924
40399
40503
41379
42288
44226
48317
51799
54933
57814
57279
55088
52973
52116
52038
53561
55359
56610
58664
57091
55109
51158
48768
47010
46322
46752
48042
52774
62284
68742
72260
73112
74858
76550
75630
74899
73587
72782
71191
70356
69812
69285
70045
66999
61914
56135
52589
50200
49072
49055
50160
54447
63078
69299
72416
73001
74717
76113
75005
74096
72870
71955
70073
69433
69088
68337
69729
66038
61303
55522
51404
49081
48025
47823
48903
53607
62881
69233
72202
73017
74345
75966
74411
73305
72022
70959
69745
69476
68818
68741
70188
66720
61926
56120
52196
50008
48706
48442
49510
53395
62650
69127
72065
73062
74607
76379
75066
74485
73238
72643
71272
70742
70373
70176
70510
66188
61481
56043
52730
50432
49204
49115
50489
54530
63177
69310
72330
72818
74174
75279
73492
71602
69669
68247
67069
66881
66385
65872
66656
63154
58782
54254
50790
48073
46322
45631
45748
46915
49375
52592
56901
59607
61137
62072
60060
57067
55014
54008
53507
54308
54793
55581
57214
54484
51811
48174
44902
42490
41352
40536
40531
40904
41473
43088
46973
50251
52436
54654
53626
51218
49241
48402
48179
50000
52067
54122
57717
55802
53924
49859
47040
45190
44123
44032
45502
50569
61375
68048
71659
72221
73457
75311
74316
73704
72570
71604
70197
69913
69522
70008
71209
66833
61547
55692
51853
49807
48625
48418
49127
53818
63400
69467
72272
72484
73468
75086
74076
73409
72245
71634
70398
70022
69471
69951
71013
66468
61186
55786
52405
50262
48926
48908
49768
54381
63951
69921
72589
72939
73849
75447
74397
73509
72175
71472
70097
69610
69485
70336
71310
66603
61619
55798
52207
49926
48656
48655
49649
53639
63781
69187
72087
72691
74407
75509
74322
73505
72552
71766
70332
70090
69662
70895
71492
66453
61322
56173
52353
50211
49081
48814
49705
53461
63247
69246
72144
72718
74179
76088
75081
74067
72718
71588
70522
70169
69396
70111
69728
64920
61037
56381
52392
49761
48401
47587
47499
48519
51647
54675
59130
62212
63761
64500
62934
60513
58560
57563
56879
57439
57792
59176
59514
55688
53360
49536
45979
43352
42084
41167
40903
41440
42869
44353
47913
51263
53617
55971
54744
52156
50224
49456
49449
51041
53563
56858
58182
55103
53076
49306
46573
45113
44048
44023
45464
50212
62360
70104
73453
74050
75608
77329
76186
75064
73607
72427
70766
70659
70969
72291
70713
65699
60377
54717
51262
49379
48233
48307
49405
53571
64442
70943
73495
73716
75235
76797
75562
74620
73497
72278
70635
70325
70348
72305
71413
65821
60302
54580
50755
48738
47817
47848
49082
53508
64333
70301
72708
72525
73210
74798
73652
73130
71643
70325
68631
68343
68515
70782
71453
65929
60352
54688
51101
48860
47702
47851
49099
53228
63761
69425
71689
71824
72735
74409
73174
72512
71152
70340
68987
68771
68730
71110
71608
66340
61128
55695
51876
49437
48116
48025
49088
53650
64402
70184
72545
72685
73544
75006
73783
71801
70358
69017
67986
68166
67821
70310
69389
64108
60333
55613
51892
48881
47326
46530
46355
47623
50999
54326
58338
61322
62946
63562
61789
59058
56788
55726
55372
56660
57310
60210
59846
55776
53071
49209
46305
43726
42210
41451
41309
41531
42869
44517
48033
51142
53412
55894
54583
51850
49873
49180
49155
51060
53787
58123
59145
56010
53999
50057
47041
45276
44509
44569
45887
50760
63127
70041
72791
73446
74979
76661
75466
74831
73861
72730
71528
71449
71916
74711
71849
66271
60822
54856
51488
49553
48354
48273
49448
53975
64962
72050
74748
74980
76208
77684
76265
75309
74018
73029
71757
71532
72311
74537
71766
65999
60961
55250
51410
49187
48027
48157
49613
54141
64783
72302
74754
75157
75950
77261
75445
74384
73124
72130
70482
70069
70829
73992
71944
66461
61171
55110
51448
49504
48396
48354
49513
53654
64464
71087
73113
73172
74244
75554
74316
73139
71999
71159
69699
69527
70423
73956
71876
66067
60985
55356
51516
49054
48001
48017
49246
53858
64147
70934
73241
73429
74225
75130
73634
71443
69831
68519
67721
67814
68829
72332
69447
64007
59841
55248
51354
48785
47130
46446
46568
47681
51188
54936
58662
61325
62690
63490
61829
58883
56600
55608
54999
56500
58371
61843
59583
55501
52828
48715
44915
42363
41146
40448
40617
40906
42362
44763
48352
51280
53633
55840
54343
52206
50183
49428
49413
51439
54580
58613
57250
54369
52156
47761
44791
43161
42320
42411
43798
47583
56157
62574
66007
67050
68610
70772
70421
69045
67944
66932
66262
66500
68035
70290
66408
61218
57305
52517
49121
46698
45070
44491
44747
45335
46989
49396
52681
55402
58033
61018
60049
57709
56171
55071
55115
56981
59991
62739
60040
56598
54510
49952
46672
44793
44034
44091
46048
50919
62291
70213
72621
72887
73923
75127
73839
72793
71446
70811
69415
69618
71342
74643
70690
65074
60539
54954
50905
48758
47765
47810
49518
53491
63706
70560
72450
72827
73927
75251
73925
72731
71437
70341
68743
68819
70701
74644
70996
65898
61898
56562
52572
50384
49835
50095
51440
55444
65352
72529
75002
75232
76385
77228
75517
73889
72148
70931
69635
69916
72044
74465
69983
65023
61929
57277
53327
50845
49269
48657
49226
50200
52439
56099
59503
62485
64343
65456
63554
61508
59370
58527
58405
59846
62101
64751
61304
57736
55530
51493
48314
45565
44636
44437
44769
44514
44632
46497
49319
52000
54529
57036
55007
52767
50274
49393
49234
51623
56222
60692
58527
55745
54713
50774
47625
46000
45044
45533
47876
52772
63708
71286
73491
73376
74239
75538
74255
73353
72120
71020
69394
69405
72517
76851
72289
67085
62631
56966
53117
50355
49246
49314
51151
55675
65727
72709
74700
74542
75357
76597
75326
74273
73221
72178
70737
70718
73142
76681
72395
67309
62694
56999
52797
50290
49311
49493
51245
55756
65887
72854
74735
74387
75122
76336
74936
73967
72404
71234
69801
70460
73645
76755
72572
67554
63385
57527
53019
50713
49456
49502
50919
55448
65758
72952
74529
74414
75320
76553
75293
74381
72782
71715
70280
70903
74060
76814
72219
67116
62605
57065
52887
50507
49315
49308
50790
55387
65666
73825
75991
76021
76803
77812
76189
74432
72550
71077
69626
70511
73461
74727
69737
64780
61285
56400
52132
49644
48043
47629
48221
49313
51950
55877
59804
62383
64054
65087
63153
60331
58198
57091
56891
58819
62356
63950
59836
56145
54292
50159
46556
44127
42768
42247
42798
43076
43287
45213
48539
51938
54645
57300
55461
52597
50248
49073
49420
52100
57814
61613
58798
56408
55700
51610
48242
46284
45752
46273
48397
52777
61871
69828
74190
74858
75485
76415
74774
73619
72358
71364
69790
70143
73930
77332
72691
67955
63734
57910
54147
51739
50451
50950
52885
56899
66544
73708
75124
74802
75271
76219
74758
73665
72558
71276
70225
70739
75120
77914
73479
68475
64581
58784
54399
52033
50964
51515
53210
57335
66919
74350
75745
75268
75980
76846
75496
74351
73085
71997
70630
71269
75715
77334
72707
67906
63882
58249
54041
51639
50261
50747
52236
56383
66015
74226
75726
75407
76159
77280
75901
74989
74060
73218
71889
72822
77006
78468
73151
67909
64172
58461
53784
51333
50120
50090
51974
56370
65976
74291
76364
76158
77076
77755
75995
73727
71894
70342
69408
70799
75176
75968
71105
66095
63010
57983
53340
50729
49214
48932
49443
50547
52849
57161
60889
63650
65264
66383
64412
61750
59203
58005
57930
59828
64729
65495
61196
57719
56132
52488
48370
45372
43919
43381
43521
44128
44269
46747
49639
52813
55505
58227
56610
53781
51756
50650
50664
53598
60551
62488
59925
57667
57189
53015
49393
47438
46496
46694
48636
53886
64866
74133
76919
77043
77841
79125
78109
77652
76808
75430
73649
74186
78488
78023
72811
68141
63870
58344
54088
51901
51013
51492
53747
58210
67639
76092
77893
77314
78476
80096
78948
78389
77660
76484
75101
75619
79604
79438
74151
69883
66197
60678
56529
54161
52713
52892
54185
58030
67197
75145
76316
75846
76353
77430
76015
75145
73620
72290
70740
71443
77038
77886
73016
68710
64912
59222
54788
52651
51561
51837
53388
56892
65486
73604
75121
74152
74627
75870
74672
73814
72382
71236
70004
70861
76719
77808
73034
68581
65380
60092
56018
53741
52443
52473
54116
58257
67767
76060
78527
78008
78762
79555
77960
75880
73935
72086
70806
71887
76201
75537
70050
65345
62241
57684
53669
50805
49106
48576
49234
50158
52464
57148
60601
63198
65001
66166
64460
61822
59662
58872
58981
61808
66514
65186
60688
57305
56210
52501
49835
46953
90849
45523
46028
46462
48125
51050
54841
57819
60321
62637
60764
57848
55604
54773
55692
62068
64083
61446
58340
55978
55659
51517
48214
46600
46130
46829
49238
53736
63645
70482
73138
73307
74057
75446
74296
73357
72361
71720
71653
77346
78540
75961
70891
66420
62758
57352
53341
51398
50618
51463
53269
56855
64991
70972
73519
73833
74963
76716
75943
75684
75001
74396
74530
78739
79318
76313
71923
67595
64734
59815
56628
54627
53768
54298
54933
55392
57047
59560
61917
63874
66000
68470
67522
65674
63963
63279
63775
69485
71609
70021
66144
63419
62559
57906
54865
53009
52113
52091
53545
57019
65867
71951
73905
74080
75305
76790
76295
75690
74701
74305
74577
79718
80705
77825
73432
69328
66864
61525
57973
55779
55017
55013
56107
59273
67054
73165
75561
75835
76534
77645
76185
74792
73650
73349
73642
78853
78911
75811
70890
67274
65540
61307
57548
55101
53529
53238
53209
52962
53817
57418
61258
64712
66119
67035
65618
63823
62675
62585
64043
69516
69773
67020
62605
60380
59268
56430
53402
50610
49214
49035
49581
49479
48692
50774
54499
58592
61700
64755
64022
61766
59829
59222
60742
65587
66644
65028
62165
60795
61258
57094
53784
51718
51294
51714
53630
58117
68138
75610
77629
78295
79368
80744
79931
79696
78667
77919
78273
82272
82083
79179
74199
70598
67739
62058
57811
55623
54880
55248
56924
60559
68688
75011
76747
76337
76936
77838
76874
76113
74837
74346
75253
80623
80088
77775
73224
69649
66874
61597
57419
55361
54494
54872
56574
60092
68447
74630
75898
75641
76579
77859
77291
76625
76055
75766
77187
82072
81424
79028
75074
71731
68834
63381
59451
56899
55715
55774
57045
61120
70582
77188
78908
78895
80094
81501
80528
79982
78737
78300
78451
82619
82848
80239
76078
72059
69140
63765
59715
57535
56315
56579
57624
60449
68171
74080
75284
74619
75419
75909
74984
73930
72654
72165
74126
79238
78811
75772
71231
67538
66278
61629
57259
54808
53452
53615
53601
53470
54206
57672
61854
65762
67963
69479
68500
66845
65128
64840
66473
70130
69684
66968
63583
61245
61642
58288
54136
50942
49595
48740
49222
48941
47885
49216
52691
56715
59984
62951
61931
60031
58115
57529
59609
65213
66387
65038
62318
61034
62027
58010
54456
52264
51072
51307
52968
57204
66791
74947
77465
77997
79508
81184
80679
81025
80518
80713
81546
83746
82853
80228
75483
71511
68469
62651
58108
55251
53973
54136
55805
59542
67907
75406
77620
77901
79394
80801
79946
79207
78150
77472
78674
82261
81289
78525
73632
69681
66866
60972
56409
53685
53353
54510
56652
60906
69431
76032
77484
76557
76770
77457
76494
75840
74652
74055
75770
81278
81038
78122
73430
69880
66710
61062
56428
54141
53268
53808
55944
59597
67823
74885
75921
75242
75744
76573
75406
74851
74004
73992
75773
81350
81108
78731
73913
69422
66544
60549
55819
53476
52667
52826
54795
58364
66979
74812
76746
76492
77329
78097
76818
75371
73755
73151
75195
79943
79050
75629
70628
66629
65018
60117
55574
52866
51342
51548
52281
52495
53004
57052
60767
63518
65158
66203
64444
62276
60511
60475
63205
68709
68223
65222
60814
58616
58158
54333
50289
47344
45822
45813
46145
45494
44384
46145
49321
53071
56617
59923
59042
56910
55583
56036
59254
63260
64411
62563
60309
59085
59852
55550
51967
50031
49361
50243
52519
56758
66700
74863
76916
77052
77684
79123
78534
78202
77435
77542
79862
83084
82169
79668
74908
70941
68134
62536
58486
55960
54774
55064
56131
59541
67947
75531
77406
77460
78193
79217
78112
77697
77170
76972
78467
82125
81090
78052
73481
69847
67273
61287
56820
54504
53886
54612
56199
59382
66975
74634
76407
76628
77527
78788
78057
77581
76849
76443
78423
81932
81257
78589
73863
70244
68083
62655
58590
56436
55554
56259
57448
60769
68749
76159
78140
78404
79684
81391
80479
80274
79661
79646
81163
83616
82306
79356
74676
70548
68096
62695
57632
54581
53597
54246
55960
59772
68315
75970
76886
76184
76946
77789
76668
75505
74267
74379
77528
80900
79546
76246
71376
67678
66033
60790
56670
53664
51839
52091
53038
53044
54387
58797
62719
65849
67109
67781
65996
64194
62058
62428
66146
70176
69593
66555
62417
60058
60031
55590
50789
47541
45889
45348
46165
45883
44706
47129
50207
53512
55976
59081
57801
55293
53380
53086
56795
62929
64121
62597
60497
59281
59731
55346
51491
49361
48881
49868
51853
56231
65862
74580
76410
76203
76828
77908
77065
76735
75887
75850
78747
82553
81764
78809
74062
69853
66976
60902
56502
54095
52939
53865
55734
59453
68175
76380
77748
77286
78085
79137
77996
77426
76766
76578
79393
83162
82606
79534
74401
70375
67691
61801
57128
54664
53663
54321
56068
59967
68500
76593
78079
77827
78769
80242
79068
78699
77939
77951
80037
83116
82153
79682
74939
70980
68264
62127
57739
55317
54423
54946
56693
60133
68265
76515
78134
77833
78289
79117
78029
77468
76911
76656
79190
82236
81424
79284
75286
71955
69389
63740
59063
56489
55256
55444
56943
60264
68729
77057
78223
77935
78419
78678
77642
76094
74768
74536
77228
81154
80540
77321
72692
69312
67706
63003
58918
56464
55114
54857
55016
54494
55293
60145
63512
66166
67370
67989
66721
64624
62728
63151
67177
71402
71277
68597
64593
62144
61590
57362
53062
49758
48069
47551
47899
47482
46099
48460
51964
55463
58447
61230
59903
57739
56386
57068
61493
66018
67168
66390
64185
63090
63188
58597
54308
51742
51081
51957
54171
58654
68830
77880
80016
79525
80509
81474
80448
80503
80405
80063
81761
84243
83196
80359
76052
72789
69883
63451
58499
55953
55147
55772
57766
61417
70632
78924
80471
79478
80092
80831
79916
79814
79156
79210
81592
84918
84068
81707
77322
73427
70525
63873
58699
55349
53914
54297
56467
60446
68921
76909
78499
77929
79158
80074
79822
79798
79122
78948
81536
83392
82314
80112
75924
72188
69365
63402
58839
56273
55533
56228
57637
61318
69356
77272
78372
77310
77819
79439
78767
79314
79285
80345
83019
85284
84531
81890
77383
73531
70622
64715
60156
57409
56570
56765
57689
60472
67679
75278
76978
77035
77882
78642
77710
76718
75555
75539
78240
81236
80108
77559
73366
70080
68256
63430
59116
55602
53600
52688
52843
52861
53287
57788
62084
65002
66425
67336
66078
64417
62620
62789
66247
69867
69071
66649
62822
60560
60442
56045
51921
49299
48142
47605
47727
47120
45607
48069
51295
54934
57758
60491
59394
57045
55082
55017
59177
64683
65478
64841
62813
61818
62776
59013
55428
54062
53604
53661
55342
59829
69247
78386
80544
80567
81341
82706
82386
82410
82073
82838
85032
87007
85396
82822
77400
72772
70743
64448
59505
56845
55393
55505
57138
60258
69272
77710
79783
79098
79441
80221
79542
79091
78293
78453
81265
84617
83958
81649
77592
74177
71969
66174
61778
59424
58644
58399
59930
62626
70429
78941
80646
79844
80388
81057
80515
80259
79297
79365
81880
84813
83964
81703
77952
74973
72803
67301
62961
60216
59283
59460
60726
63611
71364
79435
81312
80093
80386
81070
80270
79925
79256
79407
81747
84870
84222
81683
77756
73974
71924
66273
62329
59554
58479
58654
59937
62429
70382
78490
80099
78708
78862
79284
77859
76309
74650
74532
77636
81925
80911
77903
73609
71113
70360
65584
61581
59040
57400
56746
56650
56199
56089
60330
64375
67035
68568
69456
68465
66783
65419
65768
69038
71947
70850
68062
63955
61595
61645
57476
53092
50041
48618
48447
48484
48151
46572
49264
52596
56479
59624
62917
62297
60260
58544
58257
62150
65763
66735
65536
63203
62423
63059
58683
55211
52772
52030
52288
53782
57509
66872
75702
78371
78012
78353
79178
79153
79019
78105
77960
80453
82811
81816
79594
75420
71718
69279
63651
59137
56161
55161
55445
56763
59518
68010
76868
79366
78388
78813
79441
78543
78143
77429
77511
80484
82904
81706
79239
75021
71702
69741
64040
59670
57207
56255
56614
57865
60935
68496
76962
78974
78406
78735
79353
78542
78122
77586
77663
79940
82232
81129
78584
74535
71324
69515
63594
58818
55936
54739
54733
55738
58575
65612
73761
76508
76309
76843
77322
76287
75333
74419
74484
76942
79326
78410
76252
72233
69326
67688
61910
57449
54671
53512
53499
54546
56917
62697
70383
73052
72347
72107
72056
70801
68787
67752
68065
71436
75067
74171
71005
66897
64304
63694
58809
54786
51876
50501
49650
49843
49404
48485
52558
56398
59682
61395
62786
62423
61143
60223
60703
64455
68809
68478
66195
62358
60185
60194
55740
51249
48393
46830
45920
45803
44820
42548
44881
48720
52627
55477
57369
56290
54512
53218
52946
55960
59283
57441
54397
52217
53082
55501
52950
49334
45951
44144
43395
43438
42808
40951
43126
47235
51938
55615
58397
55559
51795
50541
50156
52568
55870
57132
56421
54886
54545
56026
52358
48501
45641
44395
43851
44086
43583
41430
43275
46377
50345
53294
56083
54537
51437
49940
49532
52327
57100
58423
57970
56311
55971
57419
54377
51007
48467
47268
46589
47027
48281
50904
56812
61300
63941
65518
67176
67172
66066
65101
65058
68190
71422
71230
68822
64632
62528
62628
58518
54861
52062
50761
50020
50290
51135
53116
58630
62993
65914
67344
69042
68869
67500
66465
66219
68839
71917
71660
69127
65140
63079
62788
58129
53833
50670
48994
48473
49195
50257
52090
57330
61444
63566
64593
65617
65029
63543
61943
61749
65737
70647
70453
67965
63963
62470
62637
58345
54704
52136
50830
49949
49923
49593
48597
51723
55221
58723
60843
61976
62276
61702
60786
61123
64013
67507
67609
65120
61925
60347
61472
58344
54923
51526
49562
48874
48378
47652
45820
47647
50370
53214
55424
57688
57642
56306
54533
54113
57336
62008
61496
58138
54591
54140
55880
54125
